Positions Mutations EvoEF1_WT_Scores EvoEF1_Mutant_Scores Stability_Mutant_Scores Stability_WT_Scores DDG_EvoEF1_Scores DDG_Stability_Scores
S32 A -21.93 -22.16 166.52 166.49 -0.23 0.03
S32 C -21.93 -22.24 165.67 166.49 -0.31 -0.82
S32 D -21.93 -21.9 166.32 166.49 0.03 -0.17
S32 E -21.93 -22.19 165.93 166.49 -0.26 -0.56
S32 F -21.93 -22.89 165.4 166.49 -0.96 -1.09
S32 G -21.93 -21.82 167.27 166.49 0.11 0.78
S32 H -21.93 -22.46 166.37 166.49 -0.53 -0.12
S32 I -21.93 -23.04 164.88 166.49 -1.11 -1.61
S32 K -21.93 -23.19 165.93 166.49 -1.26 -0.56
S32 L -21.93 -22.97 164.94 166.49 -1.04 -1.55
S32 M -21.93 -23.47 165.67 166.49 -1.54 -0.82
S32 N -21.93 -22.02 166.03 166.49 -0.09 -0.46
S32 P -21.93 -22.21 165.86 166.49 -0.28 -0.63
S32 Q -21.93 -21.95 166.22 166.49 -0.02 -0.27
S32 R -21.93 -23.38 165.41 166.49 -1.45 -1.08
S32 T -21.93 -22.21 166.03 166.49 -0.28 -0.46
S32 V -21.93 -22.66 165.35 166.49 -0.73 -1.14
S32 W -21.93 -22.93 165.82 166.49 -1.0 -0.67
S32 Y -21.93 -23.01 165.13 166.49 -1.08 -1.36
G33 A -21.93 -21.92 166.89 166.49 0.01 0.4
G33 C -21.93 -21.93 167.06 166.49 0.0 0.57
G33 D -21.93 -21.3 171.15 166.49 0.63 4.66
G33 E -21.93 -18.23 168.4 166.49 3.7 1.91
G33 F -21.93 -22.15 171.93 166.49 -0.22 5.44
G33 H -21.93 -18.06 173.93 166.49 3.87 7.44
G33 I -21.93 -21.96 169.03 166.49 -0.03 2.54
G33 K -21.93 -17.98 167.99 166.49 3.95 1.5
G33 L -21.93 -22.81 168.1 166.49 -0.88 1.61
G33 M -21.93 -21.94 167.58 166.49 -0.01 1.09
G33 N -21.93 -20.85 170.42 166.49 1.08 3.93
G33 P -21.93 -21.99 167.61 166.49 -0.06 1.12
G33 Q -21.93 -21.08 168.43 166.49 0.85 1.94
G33 R -21.93 -9.31 167.83 166.49 12.62 1.34
G33 S -21.93 -21.81 169.17 166.49 0.12 2.68
G33 T -21.93 -22.36 170.94 166.49 -0.43 4.45
G33 V -21.93 -21.91 169.19 166.49 0.02 2.7
G33 W -21.93 -10.65 172.68 166.49 11.28 6.19
G33 Y -21.93 -24.01 171.61 166.49 -2.08 5.12
M34 A -21.93 -21.93 168.37 166.49 0.0 1.88
M34 C -21.93 -21.93 167.28 166.49 0.0 0.79
M34 D -21.93 -21.93 168.68 166.49 0.0 2.19
M34 E -21.93 -21.93 168.15 166.49 0.0 1.66
M34 F -21.93 -21.93 167.16 166.49 0.0 0.67
M34 G -21.93 -21.93 169.22 166.49 0.0 2.73
M34 H -21.93 -21.93 167.84 166.49 0.0 1.35
M34 I -21.93 -21.93 166.6 166.49 0.0 0.11
M34 K -21.93 -21.93 168.52 166.49 0.0 2.03
M34 L -21.93 -21.93 166.35 166.49 0.0 -0.14
M34 N -21.93 -21.93 168.13 166.49 0.0 1.64
M34 P -21.93 -21.93 168.67 166.49 0.0 2.18
M34 Q -21.93 -21.93 167.84 166.49 0.0 1.35
M34 R -21.93 -21.93 168.41 166.49 0.0 1.92
M34 S -21.93 -21.93 167.98 166.49 0.0 1.49
M34 T -21.93 -21.93 167.62 166.49 0.0 1.13
M34 V -21.93 -21.93 167.2 166.49 0.0 0.71
M34 W -21.93 -21.93 170.18 166.49 0.0 3.69
M34 Y -21.93 -21.93 166.51 166.49 0.0 0.02
W54 A -21.93 -21.02 168.7 166.49 0.91 2.21
W54 C -21.93 -21.1 167.82 166.49 0.83 1.33
W54 D -21.93 -20.78 168.76 166.49 1.15 2.27
W54 E -21.93 -22.08 168.47 166.49 -0.15 1.98
W54 F -21.93 -22.15 167.32 166.49 -0.22 0.83
W54 G -21.93 -21.0 169.55 166.49 0.93 3.06
W54 H -21.93 -21.21 167.96 166.49 0.72 1.47
W54 I -21.93 -21.45 168.11 166.49 0.48 1.62
W54 K -21.93 -22.32 168.29 166.49 -0.39 1.8
W54 L -21.93 -21.31 167.05 166.49 0.62 0.56
W54 M -21.93 -21.48 167.6 166.49 0.45 1.11
W54 N -21.93 -20.87 167.87 166.49 1.06 1.38
W54 P -21.93 -21.04 168.56 166.49 0.89 2.07
W54 Q -21.93 -22.56 168.58 166.49 -0.63 2.09
W54 R -21.93 -20.77 167.42 166.49 1.16 0.93
W54 S -21.93 -20.9 168.69 166.49 1.03 2.2
W54 T -21.93 -21.05 168.38 166.49 0.88 1.89
W54 V -21.93 -21.13 168.06 166.49 0.8 1.57
W54 Y -21.93 -21.7 167.18 166.49 0.23 0.69
W55 A -21.93 -21.1 169.31 166.49 0.83 2.82
W55 C -21.93 -21.1 168.41 166.49 0.83 1.92
W55 D -21.93 -20.97 168.98 166.49 0.96 2.49
W55 E -21.93 -20.62 168.74 166.49 1.31 2.25
W55 F -21.93 -21.29 168.99 166.49 0.64 2.5
W55 G -21.93 -21.1 170.05 166.49 0.83 3.56
W55 H -21.93 -20.88 168.62 166.49 1.05 2.13
W55 I -21.93 -21.11 167.92 166.49 0.82 1.43
W55 K -21.93 -21.1 168.91 166.49 0.83 2.42
W55 L -21.93 -21.04 168.44 166.49 0.89 1.95
W55 M -21.93 -21.28 168.04 166.49 0.65 1.55
W55 N -21.93 -21.09 168.95 166.49 0.84 2.46
W55 P -21.93 -21.07 168.51 166.49 0.86 2.02
W55 Q -21.93 -21.1 169.23 166.49 0.83 2.74
W55 R -21.93 -21.1 168.8 166.49 0.83 2.31
W55 S -21.93 -21.09 168.93 166.49 0.84 2.44
W55 T -21.93 -21.1 169.17 166.49 0.83 2.68
W55 V -21.93 -21.1 169.19 166.49 0.83 2.7
W55 Y -21.93 -20.95 167.46 166.49 0.98 0.97
D56 A -21.93 -21.51 167.5 166.49 0.42 1.01
D56 C -21.93 -21.59 166.68 166.49 0.34 0.19
D56 E -21.93 -21.41 166.5 166.49 0.52 0.01
D56 F -21.93 -22.49 167.7 166.49 -0.56 1.21
D56 G -21.93 -21.54 168.23 166.49 0.39 1.74
D56 H -21.93 -21.36 167.33 166.49 0.57 0.84
D56 I -21.93 -20.76 165.18 166.49 1.17 -1.31
D56 K -21.93 -22.33 166.64 166.49 -0.4 0.15
D56 L -21.93 -21.57 165.52 166.49 0.36 -0.97
D56 M -21.93 -21.62 166.06 166.49 0.31 -0.43
D56 N -21.93 -22.53 166.06 166.49 -0.6 -0.43
D56 P -21.93 -21.43 166.06 166.49 0.5 -0.43
D56 Q -21.93 -23.11 167.0 166.49 -1.18 0.51
D56 R -21.93 -22.29 166.0 166.49 -0.36 -0.49
D56 S -21.93 -24.14 167.19 166.49 -2.21 0.7
D56 T -21.93 -24.18 166.55 166.49 -2.25 0.06
D56 V -21.93 -21.49 166.37 166.49 0.44 -0.12
D56 W -21.93 -22.56 166.54 166.49 -0.63 0.05
D56 Y -21.93 -21.91 167.01 166.49 0.02 0.52
G57 A -21.93 -21.93 165.99 166.49 0.0 -0.5
G57 C -21.93 -21.94 165.24 166.49 -0.01 -1.25
G57 D -21.93 -21.81 166.02 166.49 0.12 -0.47
G57 E -21.93 -21.95 165.69 166.49 -0.02 -0.8
G57 F -21.93 -22.69 165.98 166.49 -0.76 -0.51
G57 H -21.93 -21.96 166.45 166.49 -0.03 -0.04
G57 I -21.93 -21.95 164.65 166.49 -0.02 -1.84
G57 K -21.93 -21.93 165.58 166.49 0.0 -0.91
G57 L -21.93 -22.04 164.59 166.49 -0.11 -1.9
G57 M -21.93 -22.09 165.35 166.49 -0.16 -1.14
G57 N -21.93 -21.86 165.75 166.49 0.07 -0.74
G57 P -21.93 -21.91 166.2 166.49 0.02 -0.29
G57 Q -21.93 -21.93 165.63 166.49 0.0 -0.86
G57 R -21.93 -21.93 164.87 166.49 0.0 -1.62
G57 S -21.93 -21.93 165.94 166.49 0.0 -0.55
G57 T -21.93 -21.94 165.58 166.49 -0.01 -0.91
G57 V -21.93 -21.94 164.96 166.49 -0.01 -1.53
G57 W -21.93 -22.66 166.41 166.49 -0.73 -0.08
G57 Y -21.93 -20.92 165.67 166.49 1.01 -0.82
D58 A -21.93 -20.85 166.51 166.49 1.08 0.02
D58 C -21.93 -20.95 165.75 166.49 0.98 -0.74
D58 E -21.93 -22.59 166.18 166.49 -0.66 -0.31
D58 F -21.93 -21.62 166.23 166.49 0.31 -0.26
D58 G -21.93 -20.92 167.27 166.49 1.01 0.78
D58 H -21.93 -20.55 166.73 166.49 1.38 0.24
D58 I -21.93 -21.13 165.1 166.49 0.8 -1.39
D58 K -21.93 -21.59 166.14 166.49 0.34 -0.35
D58 L -21.93 -21.16 165.22 166.49 0.77 -1.27
D58 M -21.93 -21.9 165.93 166.49 0.03 -0.56
D58 N -21.93 -21.66 166.27 166.49 0.27 -0.22
D58 P -21.93 -20.86 167.5 166.49 1.07 1.01
D58 Q -21.93 -21.73 166.15 166.49 0.2 -0.34
D58 R -21.93 -20.54 165.15 166.49 1.39 -1.34
D58 S -21.93 -21.3 166.49 166.49 0.63 0.0
D58 T -21.93 -21.59 166.12 166.49 0.34 -0.37
D58 V -21.93 -21.02 165.48 166.49 0.91 -1.01
D58 W -21.93 -20.44 166.55 166.49 1.49 0.06
D58 Y -21.93 -15.95 165.94 166.49 5.98 -0.55
E59 A -21.93 -21.93 167.12 166.49 0.0 0.63
E59 C -21.93 -21.93 166.16 166.49 0.0 -0.33
E59 D -21.93 -21.93 167.13 166.49 0.0 0.64
E59 F -21.93 -21.93 166.53 166.49 0.0 0.04
E59 G -21.93 -21.93 167.96 166.49 0.0 1.47
E59 H -21.93 -21.93 167.06 166.49 0.0 0.57
E59 I -21.93 -21.93 165.33 166.49 0.0 -1.16
E59 K -21.93 -21.93 166.51 166.49 0.0 0.02
E59 L -21.93 -21.93 165.44 166.49 0.0 -1.05
E59 M -21.93 -21.93 166.16 166.49 0.0 -0.33
E59 N -21.93 -21.93 166.82 166.49 0.0 0.33
E59 P -21.93 -21.94 166.62 166.49 -0.01 0.13
E59 Q -21.93 -21.93 166.29 166.49 0.0 -0.2
E59 R -21.93 -21.93 165.51 166.49 0.0 -0.98
E59 S -21.93 -21.9 167.11 166.49 0.03 0.62
E59 T -21.93 -21.9 166.53 166.49 0.03 0.04
E59 V -21.93 -21.87 165.83 166.49 0.06 -0.66
E59 W -21.93 -21.84 167.21 166.49 0.09 0.72
E59 Y -21.93 -21.93 166.29 166.49 0.0 -0.2
S60 A -21.93 -20.77 166.6 166.49 1.16 0.11
S60 C -21.93 -20.72 165.65 166.49 1.21 -0.84
S60 D -21.93 -21.67 166.81 166.49 0.26 0.32
S60 E -21.93 -20.85 165.84 166.49 1.08 -0.65
S60 F -21.93 -20.68 165.35 166.49 1.25 -1.14
S60 G -21.93 -20.86 167.56 166.49 1.07 1.07
S60 H -21.93 -20.66 166.81 166.49 1.27 0.32
S60 I -21.93 -20.51 164.82 166.49 1.42 -1.67
S60 K -21.93 -20.64 166.32 166.49 1.29 -0.17
S60 L -21.93 -20.69 164.57 166.49 1.24 -1.92
S60 M -21.93 -20.48 164.92 166.49 1.45 -1.57
S60 N -21.93 -21.9 166.16 166.49 0.03 -0.33
S60 P -21.93 -20.68 166.25 166.49 1.25 -0.24
S60 Q -21.93 -20.89 166.36 166.49 1.04 -0.13
S60 R -21.93 -20.67 165.33 166.49 1.26 -1.16
S60 T -21.93 -21.54 166.24 166.49 0.39 -0.25
S60 V -21.93 -20.59 165.31 166.49 1.34 -1.18
S60 W -21.93 -20.92 167.33 166.49 1.01 0.84
S60 Y -21.93 -20.67 165.04 166.49 1.26 -1.45
Y61 A -21.93 -21.93 169.26 166.49 0.0 2.77
Y61 C -21.93 -21.93 168.38 166.49 0.0 1.89
Y61 D -21.93 -21.93 169.29 166.49 0.0 2.8
Y61 E -21.93 -21.87 169.04 166.49 0.06 2.55
Y61 F -21.93 -21.93 166.84 166.49 0.0 0.35
Y61 G -21.93 -21.93 169.96 166.49 0.0 3.47
Y61 H -21.93 -21.93 169.13 166.49 0.0 2.64
Y61 I -21.93 -21.93 167.5 166.49 0.0 1.01
Y61 K -21.93 -21.93 168.85 166.49 0.0 2.36
Y61 L -21.93 -21.93 167.56 166.49 0.0 1.07
Y61 M -21.93 -21.93 167.91 166.49 0.0 1.42
Y61 N -21.93 -21.93 169.1 166.49 0.0 2.61
Y61 P -21.93 -21.88 168.72 166.49 0.05 2.23
Y61 Q -21.93 -21.93 169.11 166.49 0.0 2.62
Y61 R -21.93 -21.93 169.61 166.49 0.0 3.12
Y61 S -21.93 -21.93 169.27 166.49 0.0 2.78
Y61 T -21.93 -21.93 168.79 166.49 0.0 2.3
Y61 V -21.93 -21.93 168.13 166.49 0.0 1.64
Y61 W -21.93 -21.93 170.35 166.49 0.0 3.86
R101 A -21.93 -21.93 169.12 166.49 0.0 2.63
R101 C -21.93 -21.93 168.02 166.49 0.0 1.53
R101 D -21.93 -21.87 168.99 166.49 0.06 2.5
R101 E -21.93 -21.93 168.43 166.49 0.0 1.94
R101 F -21.93 -22.62 168.63 166.49 -0.69 2.14
R101 G -21.93 -21.93 170.04 166.49 0.0 3.55
R101 H -21.93 -22.05 169.42 166.49 -0.12 2.93
R101 I -21.93 -21.96 166.82 166.49 -0.03 0.33
R101 K -21.93 -21.93 168.18 166.49 0.0 1.69
R101 L -21.93 -22.0 167.47 166.49 -0.07 0.98
R101 M -21.93 -21.93 167.32 166.49 0.0 0.83
R101 N -21.93 -21.92 168.88 166.49 0.01 2.39
R101 P -21.93 -21.93 168.45 166.49 0.0 1.96
R101 Q -21.93 -21.93 168.65 166.49 0.0 2.16
R101 S -21.93 -21.91 169.07 166.49 0.02 2.58
R101 T -21.93 -21.97 168.53 166.49 -0.04 2.04
R101 V -21.93 -21.98 167.53 166.49 -0.05 1.04
R101 W -21.93 -22.03 168.83 166.49 -0.1 2.34
R101 Y -21.93 -22.35 168.35 166.49 -0.42 1.86
Y102 A -21.93 -18.35 168.08 166.49 3.58 1.59
Y102 C -21.93 -18.75 167.24 166.49 3.18 0.75
Y102 D -21.93 -18.26 167.89 166.49 3.67 1.4
Y102 E -21.93 -18.78 167.42 166.49 3.15 0.93
Y102 F -21.93 -20.04 167.66 166.49 1.89 1.17
Y102 G -21.93 -17.62 168.48 166.49 4.31 1.99
Y102 H -21.93 -20.36 168.21 166.49 1.57 1.72
Y102 I -21.93 -20.27 166.85 166.49 1.66 0.36
Y102 K -21.93 -19.09 167.5 166.49 2.84 1.01
Y102 L -21.93 -19.72 166.6 166.49 2.21 0.11
Y102 M -21.93 -19.88 167.19 166.49 2.05 0.7
Y102 N -21.93 -18.93 167.56 166.49 3.0 1.07
Y102 P -21.93 -18.73 168.1 166.49 3.2 1.61
Y102 Q -21.93 -18.76 167.68 166.49 3.17 1.19
Y102 R -21.93 -19.12 166.36 166.49 2.81 -0.13
Y102 S -21.93 -17.92 167.93 166.49 4.01 1.44
Y102 T -21.93 -18.24 167.95 166.49 3.69 1.46
Y102 V -21.93 -19.63 167.35 166.49 2.3 0.86
Y102 W -21.93 -19.73 168.34 166.49 2.2 1.85
D103 A -21.93 -18.99 166.24 166.49 2.94 -0.25
D103 C -21.93 -19.16 165.23 166.49 2.77 -1.26
D103 E -21.93 -19.89 165.59 166.49 2.04 -0.9
D103 F -21.93 -17.44 164.01 166.49 4.49 -2.48
D103 G -21.93 -18.56 167.34 166.49 3.37 0.85
D103 H -21.93 -19.89 165.88 166.49 2.04 -0.61
D103 I -21.93 -19.96 163.8 166.49 1.97 -2.69
D103 K -21.93 -18.71 165.48 166.49 3.22 -1.01
D103 L -21.93 -19.85 164.26 166.49 2.08 -2.23
D103 M -21.93 -20.15 164.91 166.49 1.78 -1.58
D103 N -21.93 -20.14 165.95 166.49 1.79 -0.54
D103 P -21.93 -17.88 165.33 166.49 4.05 -1.16
D103 Q -21.93 -19.71 165.86 166.49 2.22 -0.63
D103 R -21.93 -19.02 164.95 166.49 2.91 -1.54
D103 S -21.93 -21.41 166.27 166.49 0.52 -0.22
D103 T -21.93 -20.42 165.7 166.49 1.51 -0.79
D103 V -21.93 -19.51 164.69 166.49 2.42 -1.8
D103 W -21.93 -18.38 165.15 166.49 3.55 -1.34
D103 Y -21.93 -16.43 164.07 166.49 5.5 -2.42
P104 A -21.93 -21.77 167.63 166.49 0.16 1.14
P104 C -21.93 -21.76 166.45 166.49 0.17 -0.04
P104 D -21.93 -21.73 168.18 166.49 0.2 1.69
P104 E -21.93 -21.74 167.35 166.49 0.19 0.86
P104 F -21.93 -21.76 166.31 166.49 0.17 -0.18
P104 G -21.93 -21.81 168.92 166.49 0.12 2.43
P104 H -21.93 -21.75 168.62 166.49 0.18 2.13
P104 I -21.93 -21.71 165.83 166.49 0.22 -0.66
P104 K -21.93 -21.75 168.1 166.49 0.18 1.61
P104 L -21.93 -21.67 166.24 166.49 0.26 -0.25
P104 M -21.93 -21.79 167.28 166.49 0.14 0.79
P104 N -21.93 -21.71 168.72 166.49 0.22 2.23
P104 Q -21.93 -21.73 168.66 166.49 0.2 2.17
P104 R -21.93 -21.74 167.24 166.49 0.19 0.75
P104 S -21.93 -21.75 167.68 166.49 0.18 1.19
P104 T -21.93 -21.63 167.53 166.49 0.3 1.04
P104 V -21.93 -21.79 166.08 166.49 0.14 -0.41
P104 W -21.93 -21.77 169.18 166.49 0.16 2.69
P104 Y -21.93 -21.74 169.81 166.49 0.19 3.32
P105 A -21.93 -21.95 167.76 166.49 -0.02 1.27
P105 C -21.93 -21.95 166.4 166.49 -0.02 -0.09
P105 D -21.93 -21.93 167.96 166.49 0.0 1.47
P105 E -21.93 -21.93 167.53 166.49 0.0 1.04
P105 F -21.93 -21.95 167.17 166.49 -0.02 0.68
P105 G -21.93 -21.95 168.78 166.49 -0.02 2.29
P105 H -21.93 -21.95 170.5 166.49 -0.02 4.01
P105 I -21.93 -21.95 164.98 166.49 -0.02 -1.51
P105 K -21.93 -21.94 168.56 166.49 -0.01 2.07
P105 L -21.93 -21.95 166.43 166.49 -0.02 -0.06
P105 M -21.93 -21.95 166.2 166.49 -0.02 -0.29
P105 N -21.93 -21.95 167.84 166.49 -0.02 1.35
P105 Q -21.93 -21.94 168.45 166.49 -0.01 1.96
P105 R -21.93 -21.95 171.04 166.49 -0.02 4.55
P105 S -21.93 -21.95 167.67 166.49 -0.02 1.18
P105 T -21.93 -21.95 167.11 166.49 -0.02 0.62
P105 V -21.93 -21.95 165.95 166.49 -0.02 -0.54
P105 W -21.93 -21.95 169.74 166.49 -0.02 3.25
P105 Y -21.93 -21.95 169.63 166.49 -0.02 3.14
W106 A -21.93 -21.9 170.2 166.49 0.03 3.71
W106 C -21.93 -21.9 169.23 166.49 0.03 2.74
W106 D -21.93 -21.87 170.32 166.49 0.06 3.83
W106 E -21.93 -21.9 169.82 166.49 0.03 3.33
W106 F -21.93 -21.98 168.35 166.49 -0.05 1.86
W106 G -21.93 -21.9 171.05 166.49 0.03 4.56
W106 H -21.93 -21.91 169.48 166.49 0.02 2.99
W106 I -21.93 -21.9 168.12 166.49 0.03 1.63
W106 K -21.93 -21.97 169.58 166.49 -0.04 3.09
W106 L -21.93 -22.06 168.33 166.49 -0.13 1.84
W106 M -21.93 -21.99 168.74 166.49 -0.06 2.25
W106 N -21.93 -21.88 169.79 166.49 0.05 3.3
W106 P -21.93 -21.93 169.59 166.49 0.0 3.1
W106 Q -21.93 -21.9 169.87 166.49 0.03 3.38
W106 R -21.93 -21.83 168.92 166.49 0.1 2.43
W106 S -21.93 -21.9 170.25 166.49 0.03 3.76
W106 T -21.93 -21.9 169.59 166.49 0.03 3.1
W106 V -21.93 -21.9 168.7 166.49 0.03 2.21
W106 Y -21.93 -21.97 168.14 166.49 -0.04 1.65
Q147 A -21.93 -21.21 167.06 166.49 0.72 0.57
Q147 C -21.93 -21.19 166.16 166.49 0.74 -0.33
Q147 D -21.93 -20.99 166.92 166.49 0.94 0.43
Q147 E -21.93 -22.28 166.5 166.49 -0.35 0.01
Q147 F -21.93 -21.22 165.71 166.49 0.71 -0.78
Q147 G -21.93 -21.22 167.7 166.49 0.71 1.21
Q147 H -21.93 -22.27 167.46 166.49 -0.34 0.97
Q147 I -21.93 -21.18 165.36 166.49 0.75 -1.13
Q147 K -21.93 -22.32 166.66 166.49 -0.39 0.17
Q147 L -21.93 -21.3 165.36 166.49 0.63 -1.13
Q147 M -21.93 -21.71 166.17 166.49 0.22 -0.32
Q147 N -21.93 -21.68 166.42 166.49 0.25 -0.07
Q147 P -21.93 -21.16 166.47 166.49 0.77 -0.02
Q147 R -21.93 -22.67 165.79 166.49 -0.74 -0.7
Q147 S -21.93 -21.68 166.99 166.49 0.25 0.5
Q147 T -21.93 -21.07 166.38 166.49 0.86 -0.11
Q147 V -21.93 -21.27 165.94 166.49 0.66 -0.55
Q147 W -21.93 -22.46 166.91 166.49 -0.53 0.42
Q147 Y -21.93 -21.83 166.65 166.49 0.1 0.16
D148 A -21.93 -20.74 167.5 166.49 1.19 1.01
D148 C -21.93 -20.88 166.69 166.49 1.05 0.2
D148 E -21.93 -21.78 166.89 166.49 0.15 0.4
D148 F -21.93 -20.75 166.97 166.49 1.18 0.48
D148 G -21.93 -20.74 168.19 166.49 1.19 1.7
D148 H -21.93 -20.72 167.88 166.49 1.21 1.39
D148 I -21.93 -21.09 166.05 166.49 0.84 -0.44
D148 K -21.93 -22.18 167.17 166.49 -0.25 0.68
D148 L -21.93 -21.18 166.01 166.49 0.75 -0.48
D148 M -21.93 -21.46 166.69 166.49 0.47 0.2
D148 N -21.93 -22.84 167.26 166.49 -0.91 0.77
D148 P -21.93 -20.71 166.72 166.49 1.22 0.23
D148 Q -21.93 -22.21 167.5 166.49 -0.28 1.01
D148 R -21.93 -21.5 166.82 166.49 0.43 0.33
D148 S -21.93 -20.67 167.03 166.49 1.26 0.54
D148 T -21.93 -20.8 166.73 166.49 1.13 0.24
D148 V -21.93 -20.85 166.43 166.49 1.08 -0.06
D148 W -21.93 -20.75 167.83 166.49 1.18 1.34
D148 Y -21.93 -20.75 166.66 166.49 1.18 0.17
S150 A -21.93 -20.35 166.97 166.49 1.58 0.48
S150 C -21.93 -20.43 166.28 166.49 1.5 -0.21
S150 D -21.93 -21.15 167.0 166.49 0.78 0.51
S150 E -21.93 -21.25 166.15 166.49 0.68 -0.34
S150 F -21.93 -22.39 166.86 166.49 -0.46 0.37
S150 G -21.93 -20.17 167.55 166.49 1.76 1.06
S150 H -21.93 -20.86 167.22 166.49 1.07 0.73
S150 I -21.93 -20.67 165.58 166.49 1.26 -0.91
S150 K -21.93 -22.57 166.47 166.49 -0.64 -0.02
S150 L -21.93 -20.53 165.45 166.49 1.4 -1.04
S150 M -21.93 -21.54 166.0 166.49 0.39 -0.49
S150 N -21.93 -22.14 166.83 166.49 -0.21 0.34
S150 P -21.93 -20.51 167.9 166.49 1.42 1.41
S150 Q -21.93 -20.62 166.54 166.49 1.31 0.05
S150 R -21.93 -21.4 165.93 166.49 0.53 -0.56
S150 T -21.93 -21.58 166.42 166.49 0.35 -0.07
S150 V -21.93 -20.71 166.21 166.49 1.22 -0.28
S150 W -21.93 -20.56 167.39 166.49 1.37 0.9
S150 Y -21.93 -22.1 166.9 166.49 -0.17 0.41
Y152 A -21.93 -20.94 168.74 166.49 0.99 2.25
Y152 C -21.93 -20.92 167.74 166.49 1.01 1.25
Y152 D -21.93 -20.57 168.86 166.49 1.36 2.37
Y152 E -21.93 -20.51 168.55 166.49 1.42 2.06
Y152 F -21.93 -22.16 166.99 166.49 -0.23 0.5
Y152 G -21.93 -20.97 169.72 166.49 0.96 3.23
Y152 H -21.93 -20.96 167.98 166.49 0.97 1.49
Y152 I -21.93 -20.92 167.77 166.49 1.01 1.28
Y152 K -21.93 -20.4 167.84 166.49 1.53 1.35
Y152 L -21.93 -20.98 166.98 166.49 0.95 0.49
Y152 M -21.93 -21.23 167.17 166.49 0.7 0.68
Y152 N -21.93 -20.58 168.03 166.49 1.35 1.54
Y152 P -21.93 -20.91 169.13 166.49 1.02 2.64
Y152 Q -21.93 -20.59 168.07 166.49 1.34 1.58
Y152 R -21.93 -21.74 167.37 166.49 0.19 0.88
Y152 S -21.93 -20.89 168.8 166.49 1.04 2.31
Y152 T -21.93 -20.83 168.99 166.49 1.1 2.5
Y152 V -21.93 -20.83 168.07 166.49 1.1 1.58
Y152 W -21.93 -21.54 167.53 166.49 0.39 1.04
Y169 A -21.93 -21.95 169.11 166.49 -0.02 2.62
Y169 C -21.93 -21.95 168.11 166.49 -0.02 1.62
Y169 D -21.93 -21.95 169.23 166.49 -0.02 2.74
Y169 E -21.93 -21.94 168.49 166.49 -0.01 2.0
Y169 F -21.93 -21.95 167.02 166.49 -0.02 0.53
Y169 G -21.93 -21.95 170.25 166.49 -0.02 3.76
Y169 H -21.93 -21.95 168.51 166.49 -0.02 2.02
Y169 I -21.93 -21.95 166.97 166.49 -0.02 0.48
Y169 K -21.93 -21.81 168.26 166.49 0.12 1.77
Y169 L -21.93 -21.95 166.89 166.49 -0.02 0.4
Y169 M -21.93 -21.95 167.52 166.49 -0.02 1.03
Y169 N -21.93 -21.95 168.63 166.49 -0.02 2.14
Y169 P -21.93 -21.95 168.19 166.49 -0.02 1.7
Y169 Q -21.93 -21.95 168.93 166.49 -0.02 2.44
Y169 R -21.93 -21.93 167.25 166.49 0.0 0.76
Y169 S -21.93 -21.95 169.23 166.49 -0.02 2.74
Y169 T -21.93 -21.95 168.77 166.49 -0.02 2.28
Y169 V -21.93 -21.95 167.95 166.49 -0.02 1.46
Y169 W -21.93 -21.94 168.19 166.49 -0.01 1.7
Y170 A -21.93 -20.42 167.68 166.49 1.51 1.19
Y170 C -21.93 -20.5 166.74 166.49 1.43 0.25
Y170 D -21.93 -20.22 167.52 166.49 1.71 1.03
Y170 E -21.93 -19.95 166.91 166.49 1.98 0.42
Y170 F -21.93 -21.87 167.17 166.49 0.06 0.68
Y170 G -21.93 -20.43 168.41 166.49 1.5 1.92
Y170 H -21.93 -20.27 166.74 166.49 1.66 0.25
Y170 I -21.93 -20.63 165.59 166.49 1.3 -0.9
Y170 K -21.93 -20.53 166.91 166.49 1.4 0.42
Y170 L -21.93 -20.86 165.7 166.49 1.07 -0.79
Y170 M -21.93 -21.19 166.3 166.49 0.74 -0.19
Y170 N -21.93 -20.29 167.3 166.49 1.64 0.81
Y170 P -21.93 -20.42 166.84 166.49 1.51 0.35
Y170 Q -21.93 -20.81 167.21 166.49 1.12 0.72
Y170 R -21.93 -20.97 166.39 166.49 0.96 -0.1
Y170 S -21.93 -20.39 167.72 166.49 1.54 1.23
Y170 T -21.93 -20.37 167.21 166.49 1.56 0.72
Y170 V -21.93 -20.49 166.5 166.49 1.44 0.01
Y170 W -21.93 -20.67 167.57 166.49 1.26 1.08
K173 A -21.93 -21.53 167.17 166.49 0.4 0.68
K173 C -21.93 -21.49 166.15 166.49 0.44 -0.34
K173 D -21.93 -21.36 166.73 166.49 0.57 0.24
K173 E -21.93 -21.67 166.45 166.49 0.26 -0.04
K173 F -21.93 -21.82 166.29 166.49 0.11 -0.2
K173 G -21.93 -21.53 168.18 166.49 0.4 1.69
K173 H -21.93 -21.55 166.66 166.49 0.38 0.17
K173 I -21.93 -21.52 166.2 166.49 0.41 -0.29
K173 L -21.93 -21.51 165.15 166.49 0.42 -1.34
K173 M -21.93 -22.12 165.76 166.49 -0.19 -0.73
K173 N -21.93 -22.21 166.34 166.49 -0.28 -0.15
K173 P -21.93 -21.51 166.57 166.49 0.42 0.08
K173 Q -21.93 -22.5 166.42 166.49 -0.57 -0.07
K173 R -21.93 -23.3 165.55 166.49 -1.37 -0.94
K173 S -21.93 -21.5 167.04 166.49 0.43 0.55
K173 T -21.93 -21.49 167.37 166.49 0.44 0.88
K173 V -21.93 -21.46 166.56 166.49 0.47 0.07
K173 W -21.93 -20.25 165.94 166.49 1.68 -0.55
K173 Y -21.93 -21.66 165.99 166.49 0.27 -0.5
G211 A -21.93 -21.9 165.49 166.49 0.03 -1.0
G211 C -21.93 -21.91 164.17 166.49 0.02 -2.32
G211 D -21.93 -21.9 165.76 166.49 0.03 -0.73
G211 E -21.93 -21.89 165.47 166.49 0.04 -1.02
G211 F -21.93 -21.91 161.9 166.49 0.02 -4.59
G211 H -21.93 -21.91 165.91 166.49 0.02 -0.58
G211 I -21.93 -21.86 162.92 166.49 0.07 -3.57
G211 K -21.93 -21.91 165.92 166.49 0.02 -0.57
G211 L -21.93 -21.91 163.02 166.49 0.02 -3.47
G211 M -21.93 -21.91 163.23 166.49 0.02 -3.26
G211 N -21.93 -21.91 165.08 166.49 0.02 -1.41
G211 P -21.93 -21.9 164.61 166.49 0.03 -1.88
G211 Q -21.93 -21.89 165.88 166.49 0.04 -0.61
G211 R -21.93 -21.91 166.65 166.49 0.02 0.16
G211 S -21.93 -21.91 165.68 166.49 0.02 -0.81
G211 T -21.93 -21.88 165.05 166.49 0.05 -1.44
G211 V -21.93 -21.88 163.79 166.49 0.05 -2.7
G211 W -21.93 -21.91 165.41 166.49 0.02 -1.08
G211 Y -21.93 -21.91 163.74 166.49 0.02 -2.75
K212 A -21.93 -22.08 166.4 166.49 -0.15 -0.09
K212 C -21.93 -22.11 165.49 166.49 -0.18 -1.0
K212 D -21.93 -22.33 166.66 166.49 -0.4 0.17
K212 E -21.93 -22.06 166.16 166.49 -0.13 -0.33
K212 F -21.93 -23.72 165.31 166.49 -1.79 -1.18
K212 G -21.93 -22.2 167.18 166.49 -0.27 0.69
K212 H -21.93 -23.22 166.5 166.49 -1.29 0.01
K212 I -21.93 -22.14 165.24 166.49 -0.21 -1.25
K212 L -21.93 -21.76 164.68 166.49 0.17 -1.81
K212 M -21.93 -22.04 165.27 166.49 -0.11 -1.22
K212 N -21.93 -23.22 166.32 166.49 -1.29 -0.17
K212 P -21.93 -22.12 166.91 166.49 -0.19 0.42
K212 Q -21.93 -24.08 166.0 166.49 -2.15 -0.49
K212 R -21.93 -22.36 165.08 166.49 -0.43 -1.41
K212 S -21.93 -22.01 166.12 166.49 -0.08 -0.37
K212 T -21.93 -21.94 166.29 166.49 -0.01 -0.2
K212 V -21.93 -22.0 165.61 166.49 -0.07 -0.88
K212 W -21.93 -24.65 166.38 166.49 -2.72 -0.11
K212 Y -21.93 -19.74 165.2 166.49 2.19 -1.29
M213 A -21.93 -20.14 166.94 166.49 1.79 0.45
M213 C -21.93 -20.44 166.19 166.49 1.49 -0.3
M213 D -21.93 -19.67 166.7 166.49 2.26 0.21
M213 E -21.93 -20.35 166.42 166.49 1.58 -0.07
M213 F -21.93 -20.53 166.74 166.49 1.4 0.25
M213 G -21.93 -20.21 167.68 166.49 1.72 1.19
M213 H -21.93 -20.35 166.87 166.49 1.58 0.38
M213 I -21.93 -21.08 165.34 166.49 0.85 -1.15
M213 K -21.93 -20.94 166.34 166.49 0.99 -0.15
M213 L -21.93 -20.51 165.43 166.49 1.42 -1.06
M213 N -21.93 -20.01 166.24 166.49 1.92 -0.25
M213 P -21.93 -20.2 166.86 166.49 1.73 0.37
M213 Q -21.93 -20.22 166.44 166.49 1.71 -0.05
M213 R -21.93 -19.48 165.04 166.49 2.45 -1.45
M213 S -21.93 -19.91 166.93 166.49 2.02 0.44
M213 T -21.93 -19.85 166.48 166.49 2.08 -0.01
M213 V -21.93 -20.18 165.83 166.49 1.75 -0.66
M213 W -21.93 -21.37 167.52 166.49 0.56 1.03
M213 Y -21.93 -20.35 166.53 166.49 1.58 0.04
L214 A -21.93 -21.82 168.87 166.49 0.11 2.38
L214 C -21.93 -21.8 167.58 166.49 0.13 1.09
L214 D -21.93 -21.67 168.09 166.49 0.26 1.6
L214 E -21.93 -22.22 168.32 166.49 -0.29 1.83
L214 F -21.93 -22.3 169.11 166.49 -0.37 2.62
L214 G -21.93 -21.82 169.85 166.49 0.11 3.36
L214 H -21.93 -21.89 169.29 166.49 0.04 2.8
L214 I -21.93 -21.77 166.7 166.49 0.16 0.21
L214 K -21.93 -22.6 168.1 166.49 -0.67 1.61
L214 M -21.93 -21.89 167.08 166.49 0.04 0.59
L214 N -21.93 -21.71 168.1 166.49 0.22 1.61
L214 P -21.93 -20.22 167.99 166.49 1.71 1.5
L214 Q -21.93 -21.6 168.4 166.49 0.33 1.91
L214 R -21.93 -22.41 168.91 166.49 -0.48 2.42
L214 S -21.93 -21.72 168.84 166.49 0.21 2.35
L214 T -21.93 -21.65 168.06 166.49 0.28 1.57
L214 V -21.93 -21.87 167.43 166.49 0.06 0.94
L214 W -21.93 -21.95 169.24 166.49 -0.02 2.75
L214 Y -21.93 -21.8 167.81 166.49 0.13 1.32
W216 A -21.93 -21.99 170.14 166.49 -0.06 3.65
W216 C -21.93 -21.99 169.04 166.49 -0.06 2.55
W216 D -21.93 -21.99 170.01 166.49 -0.06 3.52
W216 E -21.93 -21.99 169.3 166.49 -0.06 2.81
W216 F -21.93 -22.04 168.09 166.49 -0.11 1.6
W216 G -21.93 -21.99 171.01 166.49 -0.06 4.52
W216 H -21.93 -21.93 169.49 166.49 0.0 3.0
W216 I -21.93 -21.99 167.46 166.49 -0.06 0.97
W216 K -21.93 -21.99 169.34 166.49 -0.06 2.85
W216 L -21.93 -21.99 167.25 166.49 -0.06 0.76
W216 M -21.93 -21.99 167.85 166.49 -0.06 1.36
W216 N -21.93 -21.97 169.54 166.49 -0.04 3.05
W216 P -21.93 -21.99 168.64 166.49 -0.06 2.15
W216 Q -21.93 -21.99 169.74 166.49 -0.06 3.25
W216 R -21.93 -21.95 169.51 166.49 -0.02 3.02
W216 S -21.93 -21.99 170.11 166.49 -0.06 3.62
W216 T -21.93 -21.99 169.58 166.49 -0.06 3.09
W216 V -21.93 -21.99 168.47 166.49 -0.06 1.98
W216 Y -21.93 -22.93 168.84 166.49 -1.0 2.35
