Positions Mutations EvoEF1_WT_Scores Stability_WT_Scores EvoEF1_Mutant_Scores Stability_Mutant_Scores DDG_EvoEF1_Scores DDG_Stability_Scores
G33 E -21.93 166.49 -18.23 168.4 3.7 1.91
G33 H -21.93 166.49 -18.06 173.93 3.87 7.44
G33 K -21.93 166.49 -17.98 167.99 3.95 1.5
G33 R -21.93 166.49 -9.31 167.83 12.62 1.34
G33 W -21.93 166.49 -10.65 172.68 11.28 6.19
D58 Y -21.93 166.49 -15.95 165.94 5.98 -0.55
Y102 A -21.93 166.49 -18.35 168.08 3.58 1.59
Y102 C -21.93 166.49 -18.75 167.24 3.18 0.75
Y102 D -21.93 166.49 -18.26 167.89 3.67 1.4
Y102 E -21.93 166.49 -18.78 167.42 3.15 0.93
Y102 G -21.93 166.49 -17.62 168.48 4.31 1.99
Y102 K -21.93 166.49 -19.09 167.5 2.84 1.01
Y102 N -21.93 166.49 -18.93 167.56 3.0 1.07
Y102 P -21.93 166.49 -18.73 168.1 3.2 1.61
Y102 Q -21.93 166.49 -18.76 167.68 3.17 1.19
Y102 R -21.93 166.49 -19.12 166.36 2.81 -0.13
Y102 S -21.93 166.49 -17.92 167.93 4.01 1.44
Y102 T -21.93 166.49 -18.24 167.95 3.69 1.46
D103 A -21.93 166.49 -18.99 166.24 2.94 -0.25
D103 C -21.93 166.49 -19.16 165.23 2.77 -1.26
D103 F -21.93 166.49 -17.44 164.01 4.49 -2.48
D103 G -21.93 166.49 -18.56 167.34 3.37 0.85
D103 K -21.93 166.49 -18.71 165.48 3.22 -1.01
D103 P -21.93 166.49 -17.88 165.33 4.05 -1.16
D103 R -21.93 166.49 -19.02 164.95 2.91 -1.54
D103 W -21.93 166.49 -18.38 165.15 3.55 -1.34
D103 Y -21.93 166.49 -16.43 164.07 5.5 -2.42
