Positions Mutations EvoEF1_WT_Scores EvoEF1_Mutant_Scores Stability_Mutant_Scores Stability_WT_Scores DDG_EvoEF1_Scores DDG_Stability_Scores
K30 A -5.65 -5.86 171.61 171.38 -0.21 0.23
K30 C -5.65 -5.86 170.82 171.38 -0.21 -0.56
K30 D -5.65 -5.86 171.61 171.38 -0.21 0.23
K30 E -5.65 -5.86 171.14 171.38 -0.21 -0.24
K30 F -5.65 -5.86 170.98 171.38 -0.21 -0.4
K30 G -5.65 -5.86 172.28 171.38 -0.21 0.9
K30 H -5.65 -5.83 171.92 171.38 -0.18 0.54
K30 I -5.65 -5.85 169.99 171.38 -0.2 -1.39
K30 L -5.65 -5.84 170.11 171.38 -0.19 -1.27
K30 M -5.65 -6.21 170.99 171.38 -0.56 -0.39
K30 N -5.65 -5.86 171.32 171.38 -0.21 -0.06
K30 P -5.65 -5.86 171.83 171.38 -0.21 0.45
K30 Q -5.65 -5.86 171.58 171.38 -0.21 0.2
K30 R -5.65 -7.3 170.68 171.38 -1.65 -0.7
K30 S -5.65 -5.86 171.58 171.38 -0.21 0.2
K30 T -5.65 -5.85 171.21 171.38 -0.2 -0.17
K30 V -5.65 -5.85 170.48 171.38 -0.2 -0.9
K30 W -5.65 -5.86 172.09 171.38 -0.21 0.71
K30 Y -5.65 -5.86 170.68 171.38 -0.21 -0.7
Y32 A -5.65 -3.99 173.29 171.38 1.66 1.91
Y32 C -5.65 -4.16 172.29 171.38 1.49 0.91
Y32 D -5.65 -3.8 173.21 171.38 1.85 1.83
Y32 E -5.65 -3.8 172.83 171.38 1.85 1.45
Y32 F -5.65 -5.4 171.76 171.38 0.25 0.38
Y32 G -5.65 -3.91 174.13 171.38 1.74 2.75
Y32 H -5.65 -4.27 172.23 171.38 1.38 0.85
Y32 I -5.65 -4.63 172.42 171.38 1.02 1.04
Y32 K -5.65 -4.39 172.57 171.38 1.26 1.19
Y32 L -5.65 -4.59 171.68 171.38 1.06 0.3
Y32 M -5.65 -5.08 171.98 171.38 0.57 0.6
Y32 N -5.65 -3.88 172.29 171.38 1.77 0.91
Y32 P -5.65 -4.02 172.92 171.38 1.63 1.54
Y32 Q -5.65 -4.1 172.97 171.38 1.55 1.59
Y32 R -5.65 -3.95 171.71 171.38 1.7 0.33
Y32 S -5.65 -3.9 173.26 171.38 1.75 1.88
Y32 T -5.65 -4.19 173.28 171.38 1.46 1.9
Y32 V -5.65 -4.19 172.63 171.38 1.46 1.25
Y32 W -5.65 -6.17 172.41 171.38 -0.52 1.03
Y50 A -5.65 -5.19 172.47 171.38 0.46 1.09
Y50 C -5.65 -5.2 171.59 171.38 0.45 0.21
Y50 D -5.65 -5.14 172.48 171.38 0.51 1.1
Y50 E -5.65 -5.54 171.99 171.38 0.11 0.61
Y50 F -5.65 -5.58 171.45 171.38 0.07 0.07
Y50 G -5.65 -5.19 173.18 171.38 0.46 1.8
Y50 H -5.65 -5.19 172.42 171.38 0.46 1.04
Y50 I -5.65 -5.21 170.8 171.38 0.44 -0.58
Y50 K -5.65 -5.04 171.94 171.38 0.61 0.56
Y50 L -5.65 -5.23 170.71 171.38 0.42 -0.67
Y50 M -5.65 -5.29 171.33 171.38 0.36 -0.05
Y50 N -5.65 -5.15 172.07 171.38 0.5 0.69
Y50 P -5.65 -5.19 172.61 171.38 0.46 1.23
Y50 Q -5.65 -5.09 172.2 171.38 0.56 0.82
Y50 R -5.65 -6.45 170.18 171.38 -0.8 -1.2
Y50 S -5.65 -5.19 172.43 171.38 0.46 1.05
Y50 T -5.65 -5.17 172.15 171.38 0.48 0.77
Y50 V -5.65 -5.17 171.37 171.38 0.48 -0.01
Y50 W -5.65 -6.2 172.32 171.38 -0.55 0.94
H91 A -5.65 -5.61 172.12 171.38 0.04 0.74
H91 C -5.65 -5.64 171.15 171.38 0.01 -0.23
H91 D -5.65 -6.33 172.21 171.38 -0.68 0.83
H91 E -5.65 -6.45 171.48 171.38 -0.8 0.1
H91 F -5.65 -5.89 170.25 171.38 -0.24 -1.13
H91 G -5.65 -5.64 173.25 171.38 0.01 1.87
H91 I -5.65 -5.71 170.18 171.38 -0.06 -1.2
H91 K -5.65 -5.68 171.48 171.38 -0.03 0.1
H91 L -5.65 -5.75 170.14 171.38 -0.1 -1.24
H91 M -5.65 -5.92 170.88 171.38 -0.27 -0.5
H91 N -5.65 -6.56 171.74 171.38 -0.91 0.36
H91 P -5.65 -5.59 171.47 171.38 0.06 0.09
H91 Q -5.65 -6.17 171.93 171.38 -0.52 0.55
H91 R -5.65 -5.41 171.03 171.38 0.24 -0.35
H91 S -5.65 -6.72 172.18 171.38 -1.07 0.8
H91 T -5.65 -6.58 171.57 171.38 -0.93 0.19
H91 V -5.65 -5.61 170.94 171.38 0.04 -0.44
H91 W -5.65 -5.42 169.63 171.38 0.23 -1.75
H91 Y -5.65 -5.58 169.7 171.38 0.07 -1.68
G92 A -5.65 -5.72 171.08 171.38 -0.07 -0.3
G92 C -5.65 -5.67 170.14 171.38 -0.02 -1.24
G92 D -5.65 -5.53 171.4 171.38 0.12 0.02
G92 E -5.65 -5.69 170.82 171.38 -0.04 -0.56
G92 F -5.65 -5.68 171.06 171.38 -0.03 -0.32
G92 H -5.65 -5.78 172.42 171.38 -0.13 1.04
G92 I -5.65 -5.87 169.58 171.38 -0.22 -1.8
G92 K -5.65 -6.12 171.71 171.38 -0.47 0.33
G92 L -5.65 -5.83 170.34 171.38 -0.18 -1.04
G92 M -5.65 -5.67 169.51 171.38 -0.02 -1.87
G92 N -5.65 -6.5 171.11 171.38 -0.85 -0.27
G92 P -5.65 -5.76 171.39 171.38 -0.11 0.01
G92 Q -5.65 -5.5 171.74 171.38 0.15 0.36
G92 R -5.65 -6.67 173.99 171.38 -1.02 2.61
G92 S -5.65 -5.66 171.13 171.38 -0.01 -0.25
G92 T -5.65 -5.63 171.45 171.38 0.02 0.07
G92 V -5.65 -5.89 170.39 171.38 -0.24 -0.99
G92 W -5.65 -5.66 171.29 171.38 -0.01 -0.09
G92 Y -5.65 -5.92 171.85 171.38 -0.27 0.47
E93 A -5.65 -5.72 171.78 171.38 -0.07 0.4
E93 C -5.65 -5.67 170.99 171.38 -0.02 -0.39
E93 D -5.65 -5.65 171.48 171.38 0.0 0.1
E93 F -5.65 -5.68 171.45 171.38 -0.03 0.07
E93 G -5.65 -5.57 172.37 171.38 0.08 0.99
E93 H -5.65 -5.33 171.7 171.38 0.32 0.32
E93 I -5.65 -6.43 170.4 171.38 -0.78 -0.98
E93 K -5.65 -5.18 171.26 171.38 0.47 -0.12
E93 L -5.65 -5.69 170.43 171.38 -0.04 -0.95
E93 M -5.65 -7.05 170.98 171.38 -1.4 -0.4
E93 N -5.65 -6.53 171.2 171.38 -0.88 -0.18
E93 P -5.65 -5.84 171.86 171.38 -0.19 0.48
E93 Q -5.65 -7.64 171.33 171.38 -1.99 -0.05
E93 R -5.65 -5.78 170.13 171.38 -0.13 -1.25
E93 S -5.65 -5.63 171.72 171.38 0.02 0.34
E93 T -5.65 -5.48 171.32 171.38 0.17 -0.06
E93 V -5.65 -6.02 170.82 171.38 -0.37 -0.56
E93 W -5.65 -7.65 172.62 171.38 -2.0 1.24
E93 Y -5.65 -6.05 171.42 171.38 -0.4 0.04
S94 A -5.65 -4.82 171.35 171.38 0.83 -0.03
S94 C -5.65 -4.85 170.46 171.38 0.8 -0.92
S94 D -5.65 -4.61 170.77 171.38 1.04 -0.61
S94 E -5.65 -4.93 170.46 171.38 0.72 -0.92
S94 F -5.65 -5.02 170.31 171.38 0.63 -1.07
S94 G -5.65 -4.44 172.24 171.38 1.21 0.86
S94 H -5.65 -4.77 171.22 171.38 0.88 -0.16
S94 I -5.65 -5.77 169.52 171.38 -0.12 -1.86
S94 K -5.65 -5.53 170.89 171.38 0.12 -0.49
S94 L -5.65 -5.32 169.74 171.38 0.33 -1.64
S94 M -5.65 -6.11 170.18 171.38 -0.46 -1.2
S94 N -5.65 -4.61 170.66 171.38 1.04 -0.72
S94 P -5.65 -3.4 170.62 171.38 2.25 -0.76
S94 Q -5.65 -4.81 171.01 171.38 0.84 -0.37
S94 R -5.65 -5.48 170.25 171.38 0.17 -1.13
S94 T -5.65 -4.95 170.82 171.38 0.7 -0.56
S94 V -5.65 -5.35 170.11 171.38 0.3 -1.27
S94 W -5.65 -3.81 169.65 171.38 1.84 -1.73
S94 Y -5.65 -5.02 170.05 171.38 0.63 -1.33
W96 A -5.65 -5.89 172.55 171.38 -0.24 1.17
W96 C -5.65 -5.89 171.7 171.38 -0.24 0.32
W96 D -5.65 -5.89 172.69 171.38 -0.24 1.31
W96 E -5.65 -5.85 172.24 171.38 -0.2 0.86
W96 F -5.65 -5.93 171.33 171.38 -0.28 -0.05
W96 G -5.65 -5.89 173.29 171.38 -0.24 1.91
W96 H -5.65 -5.79 172.48 171.38 -0.14 1.1
W96 I -5.65 -5.89 170.71 171.38 -0.24 -0.67
W96 K -5.65 -5.89 172.02 171.38 -0.24 0.64
W96 L -5.65 -5.82 170.85 171.38 -0.17 -0.53
W96 M -5.65 -5.98 171.51 171.38 -0.33 0.13
W96 N -5.65 -5.89 172.34 171.38 -0.24 0.96
W96 P -5.65 -5.89 171.82 171.38 -0.24 0.44
W96 Q -5.65 -5.89 172.56 171.38 -0.24 1.18
W96 R -5.65 -5.89 171.71 171.38 -0.24 0.33
W96 S -5.65 -5.89 172.62 171.38 -0.24 1.24
W96 T -5.65 -5.89 172.12 171.38 -0.24 0.74
W96 V -5.65 -5.89 171.37 171.38 -0.24 -0.01
W96 Y -5.65 -6.7 171.63 171.38 -1.05 0.25
