Positions Mutations EvoEF1_WT_Scores EvoEF1_Mutant_Scores Stability_Mutant_Scores Stability_WT_Scores DDG_EvoEF1_Scores DDG_Stability_Scores
S32 A -17.4 -17.61 168.87 168.66 -0.21 0.21
S32 C -17.4 -17.85 167.89 168.66 -0.45 -0.77
S32 D -17.4 -17.53 168.5 168.66 -0.13 -0.16
S32 E -17.4 -17.63 168.26 168.66 -0.23 -0.4
S32 F -17.4 -18.39 167.65 168.66 -0.99 -1.01
S32 G -17.4 -17.51 169.73 168.66 -0.11 1.07
S32 H -17.4 -17.6 168.41 168.66 -0.2 -0.25
S32 I -17.4 -18.3 167.07 168.66 -0.9 -1.59
S32 K -17.4 -18.09 168.31 168.66 -0.69 -0.35
S32 L -17.4 -18.52 167.24 168.66 -1.12 -1.42
S32 M -17.4 -18.45 168.02 168.66 -1.05 -0.64
S32 N -17.4 -17.55 168.26 168.66 -0.15 -0.4
S32 P -17.4 -17.6 168.08 168.66 -0.2 -0.58
S32 Q -17.4 -17.7 168.58 168.66 -0.3 -0.08
S32 R -17.4 -17.83 167.72 168.66 -0.43 -0.94
S32 T -17.4 -17.88 168.21 168.66 -0.48 -0.45
S32 V -17.4 -18.0 167.49 168.66 -0.6 -1.17
S32 W -17.4 -19.87 168.76 168.66 -2.47 0.1
S32 Y -17.4 -18.06 167.53 168.66 -0.66 -1.13
G33 A -17.4 -17.36 169.78 168.66 0.04 1.12
G33 C -17.4 -17.36 170.15 168.66 0.04 1.49
G33 D -17.4 -17.31 175.24 168.66 0.09 6.58
G33 E -17.4 -17.36 174.89 168.66 0.04 6.23
G33 F -17.4 -17.36 178.32 168.66 0.04 9.66
G33 H -17.4 -17.36 178.48 168.66 0.04 9.82
G33 I -17.4 -17.33 172.4 168.66 0.07 3.74
G33 K -17.4 -17.31 174.17 168.66 0.09 5.51
G33 L -17.4 -17.39 172.27 168.66 0.01 3.61
G33 M -17.4 -17.36 172.12 168.66 0.04 3.46
G33 N -17.4 -17.36 174.17 168.66 0.04 5.51
G33 P -17.4 -17.39 170.34 168.66 0.01 1.68
G33 Q -17.4 -18.58 175.54 168.66 -1.18 6.88
G33 R -17.4 -17.25 174.41 168.66 0.15 5.75
G33 S -17.4 -17.35 171.82 168.66 0.05 3.16
G33 T -17.4 -17.32 173.41 168.66 0.08 4.75
G33 V -17.4 -17.39 172.32 168.66 0.01 3.66
G33 W -17.4 -17.36 183.57 168.66 0.04 14.91
G33 Y -17.4 -17.39 179.38 168.66 0.01 10.72
W54 A -17.4 -17.21 170.51 168.66 0.19 1.85
W54 C -17.4 -17.26 169.58 168.66 0.14 0.92
W54 D -17.4 -17.57 170.46 168.66 -0.17 1.8
W54 E -17.4 -18.58 170.27 168.66 -1.18 1.61
W54 F -17.4 -17.7 169.08 168.66 -0.3 0.42
W54 G -17.4 -17.11 171.28 168.66 0.29 2.62
W54 H -17.4 -17.3 170.09 168.66 0.1 1.43
W54 I -17.4 -17.22 169.57 168.66 0.18 0.91
W54 K -17.4 -17.18 170.14 168.66 0.22 1.48
W54 L -17.4 -17.42 168.88 168.66 -0.02 0.22
W54 M -17.4 -17.75 169.28 168.66 -0.35 0.62
W54 N -17.4 -18.1 169.96 168.66 -0.7 1.3
W54 P -17.4 -17.29 170.36 168.66 0.11 1.7
W54 Q -17.4 -18.6 170.38 168.66 -1.2 1.72
W54 R -17.4 -17.03 169.4 168.66 0.37 0.74
W54 S -17.4 -17.03 170.36 168.66 0.37 1.7
W54 T -17.4 -17.19 169.98 168.66 0.21 1.32
W54 V -17.4 -17.4 170.12 168.66 0.0 1.46
W54 Y -17.4 -17.67 169.03 168.66 -0.27 0.37
W55 A -17.4 -17.06 171.38 168.66 0.34 2.72
W55 C -17.4 -17.06 170.41 168.66 0.34 1.75
W55 D -17.4 -17.01 170.77 168.66 0.39 2.11
W55 E -17.4 -16.79 170.02 168.66 0.61 1.36
W55 F -17.4 -17.02 170.53 168.66 0.38 1.87
W55 G -17.4 -17.06 172.15 168.66 0.34 3.49
W55 H -17.4 -16.94 169.91 168.66 0.46 1.25
W55 I -17.4 -17.06 170.14 168.66 0.34 1.48
W55 K -17.4 -17.06 171.1 168.66 0.34 2.44
W55 L -17.4 -17.01 170.98 168.66 0.39 2.32
W55 M -17.4 -17.06 170.15 168.66 0.34 1.49
W55 N -17.4 -17.02 170.9 168.66 0.38 2.24
W55 P -17.4 -17.08 170.64 168.66 0.32 1.98
W55 Q -17.4 -16.81 171.0 168.66 0.59 2.34
W55 R -17.4 -16.58 170.84 168.66 0.82 2.18
W55 S -17.4 -17.06 171.01 168.66 0.34 2.35
W55 T -17.4 -17.06 171.4 168.66 0.34 2.74
W55 V -17.4 -17.06 171.13 168.66 0.34 2.47
W55 Y -17.4 -16.93 169.0 168.66 0.47 0.34
D56 A -17.4 -17.95 169.34 168.66 -0.55 0.68
D56 C -17.4 -17.92 168.54 168.66 -0.52 -0.12
D56 E -17.4 -18.4 168.0 168.66 -1.0 -0.66
D56 F -17.4 -18.86 169.76 168.66 -1.46 1.1
D56 G -17.4 -17.92 170.15 168.66 -0.52 1.49
D56 H -17.4 -17.87 168.82 168.66 -0.47 0.16
D56 I -17.4 -18.28 167.07 168.66 -0.88 -1.59
D56 K -17.4 -19.44 168.47 168.66 -2.04 -0.19
D56 L -17.4 -17.81 167.62 168.66 -0.41 -1.04
D56 M -17.4 -18.45 168.01 168.66 -1.05 -0.65
D56 N -17.4 -19.27 167.96 168.66 -1.87 -0.7
D56 P -17.4 -18.18 167.92 168.66 -0.78 -0.74
D56 Q -17.4 -19.8 168.69 168.66 -2.4 0.03
D56 R -17.4 -18.94 167.96 168.66 -1.54 -0.7
D56 S -17.4 -17.84 169.21 168.66 -0.44 0.55
D56 T -17.4 -18.13 168.63 168.66 -0.73 -0.03
D56 V -17.4 -17.89 168.3 168.66 -0.49 -0.36
D56 W -17.4 -19.34 169.66 168.66 -1.94 1.0
D56 Y -17.4 -17.71 168.69 168.66 -0.31 0.03
G57 A -17.4 -17.39 168.61 168.66 0.01 -0.05
G57 C -17.4 -17.41 167.82 168.66 -0.01 -0.84
G57 D -17.4 -17.47 168.62 168.66 -0.07 -0.04
G57 E -17.4 -17.21 168.32 168.66 0.19 -0.34
G57 F -17.4 -18.48 168.5 168.66 -1.08 -0.16
G57 H -17.4 -18.09 168.97 168.66 -0.69 0.31
G57 I -17.4 -17.37 167.3 168.66 0.03 -1.36
G57 K -17.4 -18.31 168.19 168.66 -0.91 -0.47
G57 L -17.4 -17.47 167.29 168.66 -0.07 -1.37
G57 M -17.4 -17.97 167.81 168.66 -0.57 -0.85
G57 N -17.4 -18.49 168.33 168.66 -1.09 -0.33
G57 P -17.4 -17.4 169.4 168.66 0.0 0.74
G57 Q -17.4 -18.33 168.42 168.66 -0.93 -0.24
G57 R -17.4 -18.99 167.48 168.66 -1.59 -1.18
G57 S -17.4 -17.38 168.55 168.66 0.02 -0.11
G57 T -17.4 -17.37 168.19 168.66 0.03 -0.47
G57 V -17.4 -17.35 167.62 168.66 0.05 -1.04
G57 W -17.4 -18.35 169.14 168.66 -0.95 0.48
G57 Y -17.4 -15.5 168.28 168.66 1.9 -0.38
D58 A -17.4 -16.49 169.01 168.66 0.91 0.35
D58 C -17.4 -16.8 168.24 168.66 0.6 -0.42
D58 E -17.4 -17.2 168.4 168.66 0.2 -0.26
D58 F -17.4 -18.95 168.79 168.66 -1.55 0.13
D58 G -17.4 -16.39 169.77 168.66 1.01 1.11
D58 H -17.4 -16.49 169.4 168.66 0.91 0.74
D58 I -17.4 -17.33 167.83 168.66 0.07 -0.83
D58 K -17.4 -16.17 168.58 168.66 1.23 -0.08
D58 L -17.4 -16.98 167.5 168.66 0.42 -1.16
D58 M -17.4 -18.1 168.38 168.66 -0.7 -0.28
D58 N -17.4 -15.9 168.6 168.66 1.5 -0.06
D58 P -17.4 -16.41 169.3 168.66 0.99 0.64
D58 Q -17.4 -17.27 168.84 168.66 0.13 0.18
D58 R -17.4 -16.89 167.61 168.66 0.51 -1.05
D58 S -17.4 -17.49 168.99 168.66 -0.09 0.33
D58 T -17.4 -17.26 168.73 168.66 0.14 0.07
D58 V -17.4 -16.75 168.08 168.66 0.65 -0.58
D58 W -17.4 -16.9 169.47 168.66 0.5 0.81
D58 Y -17.4 -15.76 168.35 168.66 1.64 -0.31
E59 A -17.4 -17.08 169.14 168.66 0.32 0.48
E59 C -17.4 -17.08 168.51 168.66 0.32 -0.15
E59 D -17.4 -17.84 168.89 168.66 -0.44 0.23
E59 F -17.4 -17.04 170.18 168.66 0.36 1.52
E59 G -17.4 -17.08 170.03 168.66 0.32 1.37
E59 H -17.4 -16.18 169.65 168.66 1.22 0.99
E59 I -17.4 -16.97 167.54 168.66 0.43 -1.12
E59 K -17.4 -16.83 168.03 168.66 0.57 -0.63
E59 L -17.4 -17.03 167.81 168.66 0.37 -0.85
E59 M -17.4 -17.11 168.16 168.66 0.29 -0.5
E59 N -17.4 -18.12 168.88 168.66 -0.72 0.22
E59 P -17.4 -17.09 168.87 168.66 0.31 0.21
E59 Q -17.4 -17.8 169.14 168.66 -0.4 0.48
E59 R -17.4 -16.96 167.96 168.66 0.44 -0.7
E59 S -17.4 -17.74 169.13 168.66 -0.34 0.47
E59 T -17.4 -17.65 168.89 168.66 -0.25 0.23
E59 V -17.4 -16.9 168.39 168.66 0.5 -0.27
E59 W -17.4 -16.0 170.32 168.66 1.4 1.66
E59 Y -17.4 -17.04 168.09 168.66 0.36 -0.57
S60 A -17.4 -16.98 168.72 168.66 0.42 0.06
S60 C -17.4 -16.93 167.89 168.66 0.47 -0.77
S60 D -17.4 -16.92 168.94 168.66 0.48 0.28
S60 E -17.4 -16.76 168.18 168.66 0.64 -0.48
S60 F -17.4 -17.92 167.82 168.66 -0.52 -0.84
S60 G -17.4 -16.89 169.81 168.66 0.51 1.15
S60 H -17.4 -16.28 168.23 168.66 1.12 -0.43
S60 I -17.4 -17.3 167.16 168.66 0.1 -1.5
S60 K -17.4 -16.79 168.1 168.66 0.61 -0.56
S60 L -17.4 -17.46 167.07 168.66 -0.06 -1.59
S60 M -17.4 -17.78 167.49 168.66 -0.38 -1.17
S60 N -17.4 -16.96 168.43 168.66 0.44 -0.23
S60 P -17.4 -17.11 168.08 168.66 0.29 -0.58
S60 Q -17.4 -16.7 168.65 168.66 0.7 -0.01
S60 R -17.4 -16.07 167.45 168.66 1.33 -1.21
S60 T -17.4 -16.81 168.53 168.66 0.59 -0.13
S60 V -17.4 -17.16 167.51 168.66 0.24 -1.15
S60 W -17.4 -16.68 168.56 168.66 0.72 -0.1
S60 Y -17.4 -13.63 167.17 168.66 3.77 -1.49
Y61 A -17.4 -17.33 171.53 168.66 0.07 2.87
Y61 C -17.4 -17.33 170.66 168.66 0.07 2.0
Y61 D -17.4 -17.15 171.6 168.66 0.25 2.94
Y61 E -17.4 -17.33 171.1 168.66 0.07 2.44
Y61 F -17.4 -17.36 169.35 168.66 0.04 0.69
Y61 G -17.4 -17.33 172.26 168.66 0.07 3.6
Y61 H -17.4 -17.32 171.5 168.66 0.08 2.84
Y61 I -17.4 -17.33 169.73 168.66 0.07 1.07
Y61 K -17.4 -17.33 170.86 168.66 0.07 2.2
Y61 L -17.4 -17.33 169.9 168.66 0.07 1.24
Y61 M -17.4 -17.34 170.25 168.66 0.06 1.59
Y61 N -17.4 -17.33 171.3 168.66 0.07 2.64
Y61 P -17.4 -17.27 170.95 168.66 0.13 2.29
Y61 Q -17.4 -17.33 171.3 168.66 0.07 2.64
Y61 R -17.4 -17.33 170.96 168.66 0.07 2.3
Y61 S -17.4 -17.3 171.52 168.66 0.1 2.86
Y61 T -17.4 -17.33 171.05 168.66 0.07 2.39
Y61 V -17.4 -17.33 170.4 168.66 0.07 1.74
Y61 W -17.4 -17.32 171.53 168.66 0.08 2.87
P63 A -17.4 -17.34 169.16 168.66 0.06 0.5
P63 C -17.4 -17.38 168.45 168.66 0.02 -0.21
P63 D -17.4 -18.23 169.22 168.66 -0.83 0.56
P63 E -17.4 -18.06 168.89 168.66 -0.66 0.23
P63 F -17.4 -18.24 168.7 168.66 -0.84 0.04
P63 G -17.4 -17.38 169.83 168.66 0.02 1.17
P63 H -17.4 -18.39 169.84 168.66 -0.99 1.18
P63 I -17.4 -17.36 167.64 168.66 0.04 -1.02
P63 K -17.4 -16.91 168.77 168.66 0.49 0.11
P63 L -17.4 -17.47 167.74 168.66 -0.07 -0.92
P63 M -17.4 -17.82 168.31 168.66 -0.42 -0.35
P63 N -17.4 -17.49 168.94 168.66 -0.09 0.28
P63 Q -17.4 -18.35 169.28 168.66 -0.95 0.62
P63 R -17.4 -17.91 168.43 168.66 -0.51 -0.23
P63 S -17.4 -18.12 169.17 168.66 -0.72 0.51
P63 T -17.4 -18.17 168.85 168.66 -0.77 0.19
P63 V -17.4 -17.34 168.16 168.66 0.06 -0.5
P63 W -17.4 -17.39 169.76 168.66 0.01 1.1
P63 Y -17.4 -17.32 168.68 168.66 0.08 0.02
K66 A -17.4 -17.42 168.63 168.66 -0.02 -0.03
K66 C -17.4 -17.42 167.85 168.66 -0.02 -0.81
K66 D -17.4 -17.38 168.6 168.66 0.02 -0.06
K66 E -17.4 -17.34 168.12 168.66 0.06 -0.54
K66 F -17.4 -17.42 168.82 168.66 -0.02 0.16
K66 G -17.4 -17.42 169.34 168.66 -0.02 0.68
K66 H -17.4 -17.42 168.94 168.66 -0.02 0.28
K66 I -17.4 -17.41 167.19 168.66 -0.01 -1.47
K66 L -17.4 -17.4 167.21 168.66 0.0 -1.45
K66 M -17.4 -17.52 167.87 168.66 -0.12 -0.79
K66 N -17.4 -18.66 167.88 168.66 -1.26 -0.78
K66 P -17.4 -17.42 168.84 168.66 -0.02 0.18
K66 Q -17.4 -18.79 168.29 168.66 -1.39 -0.37
K66 R -17.4 -18.88 167.26 168.66 -1.48 -1.4
K66 S -17.4 -17.42 168.62 168.66 -0.02 -0.04
K66 T -17.4 -17.4 168.22 168.66 0.0 -0.44
K66 V -17.4 -17.4 167.68 168.66 0.0 -0.98
K66 W -17.4 -17.82 168.68 168.66 -0.42 0.02
K66 Y -17.4 -17.4 168.0 168.66 0.0 -0.66
R101 A -17.4 -17.4 171.0 168.66 0.0 2.34
R101 C -17.4 -17.4 169.96 168.66 0.0 1.3
R101 D -17.4 -17.4 170.97 168.66 0.0 2.31
R101 E -17.4 -17.4 170.41 168.66 0.0 1.75
R101 F -17.4 -17.48 170.51 168.66 -0.08 1.85
R101 G -17.4 -17.4 171.78 168.66 0.0 3.12
R101 H -17.4 -17.4 170.15 168.66 0.0 1.49
R101 I -17.4 -17.4 169.05 168.66 0.0 0.39
R101 K -17.4 -17.4 170.37 168.66 0.0 1.71
R101 L -17.4 -17.4 169.41 168.66 0.0 0.75
R101 M -17.4 -17.4 169.65 168.66 0.0 0.99
R101 N -17.4 -17.4 170.79 168.66 0.0 2.13
R101 P -17.4 -17.4 170.38 168.66 0.0 1.72
R101 Q -17.4 -17.4 170.72 168.66 0.0 2.06
R101 S -17.4 -17.4 170.99 168.66 0.0 2.33
R101 T -17.4 -17.4 170.45 168.66 0.0 1.79
R101 V -17.4 -17.4 169.63 168.66 0.0 0.97
R101 W -17.4 -17.78 170.3 168.66 -0.38 1.64
R101 Y -17.4 -17.53 170.16 168.66 -0.13 1.5
Y102 A -17.4 -15.67 170.07 168.66 1.73 1.41
Y102 C -17.4 -15.82 169.22 168.66 1.58 0.56
Y102 D -17.4 -15.42 169.87 168.66 1.98 1.21
Y102 E -17.4 -16.69 169.27 168.66 0.71 0.61
Y102 F -17.4 -18.03 169.38 168.66 -0.63 0.72
Y102 G -17.4 -15.1 170.51 168.66 2.3 1.85
Y102 H -17.4 -16.41 170.44 168.66 0.99 1.78
Y102 I -17.4 -16.64 168.92 168.66 0.76 0.26
Y102 K -17.4 -16.4 169.62 168.66 1.0 0.96
Y102 L -17.4 -17.06 168.58 168.66 0.34 -0.08
Y102 M -17.4 -17.03 169.19 168.66 0.37 0.53
Y102 N -17.4 -15.55 169.63 168.66 1.85 0.97
Y102 P -17.4 -15.76 169.98 168.66 1.64 1.32
Y102 Q -17.4 -16.61 169.58 168.66 0.79 0.92
Y102 R -17.4 -16.2 168.7 168.66 1.2 0.04
Y102 S -17.4 -15.38 170.07 168.66 2.02 1.41
Y102 T -17.4 -15.72 170.03 168.66 1.68 1.37
Y102 V -17.4 -16.08 169.35 168.66 1.32 0.69
Y102 W -17.4 -18.29 170.02 168.66 -0.89 1.36
D103 A -17.4 -16.65 168.49 168.66 0.75 -0.17
D103 C -17.4 -16.77 167.53 168.66 0.63 -1.13
D103 E -17.4 -17.41 167.91 168.66 -0.01 -0.75
D103 F -17.4 -16.78 167.38 168.66 0.62 -1.28
D103 G -17.4 -16.35 169.47 168.66 1.05 0.81
D103 H -17.4 -17.08 167.9 168.66 0.32 -0.76
D103 I -17.4 -18.05 166.43 168.66 -0.65 -2.23
D103 K -17.4 -16.46 167.77 168.66 0.94 -0.89
D103 L -17.4 -17.69 166.37 168.66 -0.29 -2.29
D103 M -17.4 -17.31 166.89 168.66 0.09 -1.77
D103 N -17.4 -17.75 168.21 168.66 -0.35 -0.45
D103 P -17.4 -17.45 167.56 168.66 -0.05 -1.1
D103 Q -17.4 -17.54 168.22 168.66 -0.14 -0.44
D103 R -17.4 -16.99 167.02 168.66 0.41 -1.64
D103 S -17.4 -18.58 168.53 168.66 -1.18 -0.13
D103 T -17.4 -19.23 167.83 168.66 -1.83 -0.83
D103 V -17.4 -17.53 167.22 168.66 -0.13 -1.44
D103 W -17.4 -17.47 168.02 168.66 -0.07 -0.64
D103 Y -17.4 -17.92 166.97 168.66 -0.52 -1.69
P104 A -17.4 -16.73 169.81 168.66 0.67 1.15
P104 C -17.4 -16.72 168.99 168.66 0.68 0.33
P104 D -17.4 -17.86 170.12 168.66 -0.46 1.46
P104 E -17.4 -16.7 169.17 168.66 0.7 0.51
P104 F -17.4 -16.73 167.75 168.66 0.67 -0.91
P104 G -17.4 -16.67 170.86 168.66 0.73 2.2
P104 H -17.4 -16.67 169.47 168.66 0.73 0.81
P104 I -17.4 -16.94 167.26 168.66 0.46 -1.4
P104 K -17.4 -16.71 170.15 168.66 0.69 1.49
P104 L -17.4 -17.11 167.45 168.66 0.29 -1.21
P104 M -17.4 -16.7 168.03 168.66 0.7 -0.63
P104 N -17.4 -16.7 169.77 168.66 0.7 1.11
P104 Q -17.4 -16.69 169.56 168.66 0.71 0.9
P104 R -17.4 -16.72 167.8 168.66 0.68 -0.86
P104 S -17.4 -17.08 169.78 168.66 0.32 1.12
P104 T -17.4 -17.16 169.19 168.66 0.24 0.53
P104 V -17.4 -16.95 168.06 168.66 0.45 -0.6
P104 W -17.4 -16.73 168.43 168.66 0.67 -0.23
P104 Y -17.4 -16.69 169.29 168.66 0.71 0.63
P105 A -17.4 -17.43 170.0 168.66 -0.03 1.34
P105 C -17.4 -17.43 168.71 168.66 -0.03 0.05
P105 D -17.4 -17.43 170.15 168.66 -0.03 1.49
P105 E -17.4 -17.38 169.5 168.66 0.02 0.84
P105 F -17.4 -17.43 170.37 168.66 -0.03 1.71
P105 G -17.4 -17.43 171.05 168.66 -0.03 2.39
P105 H -17.4 -16.41 170.23 168.66 0.99 1.57
P105 I -17.4 -17.43 167.27 168.66 -0.03 -1.39
P105 K -17.4 -17.39 170.26 168.66 0.01 1.6
P105 L -17.4 -17.4 168.49 168.66 0.0 -0.17
P105 M -17.4 -17.43 168.45 168.66 -0.03 -0.21
P105 N -17.4 -17.41 170.47 168.66 -0.01 1.81
P105 Q -17.4 -17.39 170.25 168.66 0.01 1.59
P105 R -17.4 -17.43 172.47 168.66 -0.03 3.81
P105 S -17.4 -17.43 169.86 168.66 -0.03 1.2
P105 T -17.4 -17.43 169.04 168.66 -0.03 0.38
P105 V -17.4 -17.43 167.89 168.66 -0.03 -0.77
P105 W -17.4 -17.43 173.38 168.66 -0.03 4.72
P105 Y -17.4 -17.43 171.2 168.66 -0.03 2.54
W106 A -17.4 -16.63 170.92 168.66 0.77 2.26
W106 C -17.4 -16.63 169.98 168.66 0.77 1.32
W106 D -17.4 -16.63 171.02 168.66 0.77 2.36
W106 E -17.4 -16.63 170.39 168.66 0.77 1.73
W106 F -17.4 -16.78 169.04 168.66 0.62 0.38
W106 G -17.4 -16.63 171.76 168.66 0.77 3.1
W106 H -17.4 -16.65 170.22 168.66 0.75 1.56
W106 I -17.4 -16.63 168.81 168.66 0.77 0.15
W106 K -17.4 -16.71 170.21 168.66 0.69 1.55
W106 L -17.4 -16.69 169.08 168.66 0.71 0.42
W106 M -17.4 -16.75 169.47 168.66 0.65 0.81
W106 N -17.4 -16.6 170.43 168.66 0.8 1.77
W106 P -17.4 -16.64 170.55 168.66 0.76 1.89
W106 Q -17.4 -16.64 170.37 168.66 0.76 1.71
W106 R -17.4 -16.99 169.86 168.66 0.41 1.2
W106 S -17.4 -16.63 170.96 168.66 0.77 2.3
W106 T -17.4 -16.63 170.27 168.66 0.77 1.61
W106 V -17.4 -16.63 169.4 168.66 0.77 0.74
W106 Y -17.4 -16.74 168.91 168.66 0.66 0.25
Q147 A -17.4 -16.61 169.04 168.66 0.79 0.38
Q147 C -17.4 -16.6 168.16 168.66 0.8 -0.5
Q147 D -17.4 -16.52 168.77 168.66 0.88 0.11
Q147 E -17.4 -17.18 168.28 168.66 0.22 -0.38
Q147 F -17.4 -16.84 167.84 168.66 0.56 -0.82
Q147 G -17.4 -16.63 169.63 168.66 0.77 0.97
Q147 H -17.4 -16.57 169.8 168.66 0.83 1.14
Q147 I -17.4 -16.59 167.45 168.66 0.81 -1.21
Q147 K -17.4 -17.84 168.47 168.66 -0.44 -0.19
Q147 L -17.4 -16.59 167.42 168.66 0.81 -1.24
Q147 M -17.4 -16.88 168.24 168.66 0.52 -0.42
Q147 N -17.4 -17.62 168.3 168.66 -0.22 -0.36
Q147 P -17.4 -16.61 168.44 168.66 0.79 -0.22
Q147 R -17.4 -19.08 167.98 168.66 -1.68 -0.68
Q147 S -17.4 -16.58 168.85 168.66 0.82 0.19
Q147 T -17.4 -16.54 168.56 168.66 0.86 -0.1
Q147 V -17.4 -16.58 168.19 168.66 0.82 -0.47
Q147 W -17.4 -17.32 168.35 168.66 0.08 -0.31
Q147 Y -17.4 -16.75 168.92 168.66 0.65 0.26
D148 A -17.4 -17.4 169.32 168.66 0.0 0.66
D148 C -17.4 -17.42 168.57 168.66 -0.02 -0.09
D148 E -17.4 -18.88 169.02 168.66 -1.48 0.36
D148 F -17.4 -17.45 169.16 168.66 -0.05 0.5
D148 G -17.4 -17.29 170.0 168.66 0.11 1.34
D148 H -17.4 -17.94 169.62 168.66 -0.54 0.96
D148 I -17.4 -17.87 167.86 168.66 -0.47 -0.8
D148 K -17.4 -18.5 169.08 168.66 -1.1 0.42
D148 L -17.4 -17.73 167.9 168.66 -0.33 -0.76
D148 M -17.4 -18.24 168.54 168.66 -0.84 -0.12
D148 N -17.4 -17.87 168.89 168.66 -0.47 0.23
D148 P -17.4 -17.55 168.6 168.66 -0.15 -0.06
D148 Q -17.4 -18.26 168.92 168.66 -0.86 0.26
D148 R -17.4 -18.59 168.71 168.66 -1.19 0.05
D148 S -17.4 -18.38 168.98 168.66 -0.98 0.32
D148 T -17.4 -18.19 168.65 168.66 -0.79 -0.01
D148 V -17.4 -17.7 168.28 168.66 -0.3 -0.38
D148 W -17.4 -17.7 169.57 168.66 -0.3 0.91
D148 Y -17.4 -18.12 168.95 168.66 -0.72 0.29
S150 A -17.4 -17.49 169.25 168.66 -0.09 0.59
S150 C -17.4 -17.53 168.48 168.66 -0.13 -0.18
S150 D -17.4 -17.41 169.25 168.66 -0.01 0.59
S150 E -17.4 -17.86 168.79 168.66 -0.46 0.13
S150 F -17.4 -18.75 168.87 168.66 -1.35 0.21
S150 G -17.4 -17.49 170.02 168.66 -0.09 1.36
S150 H -17.4 -18.72 169.59 168.66 -1.32 0.93
S150 I -17.4 -17.5 169.03 168.66 -0.1 0.37
S150 K -17.4 -17.6 169.14 168.66 -0.2 0.48
S150 L -17.4 -17.84 168.08 168.66 -0.44 -0.58
S150 M -17.4 -18.39 168.73 168.66 -0.99 0.07
S150 N -17.4 -17.25 169.08 168.66 0.15 0.42
S150 P -17.4 -17.44 169.95 168.66 -0.04 1.29
S150 Q -17.4 -17.36 169.23 168.66 0.04 0.57
S150 R -17.4 -18.96 168.44 168.66 -1.56 -0.22
S150 T -17.4 -17.23 169.29 168.66 0.17 0.63
S150 V -17.4 -17.31 169.27 168.66 0.09 0.61
S150 W -17.4 -16.81 169.75 168.66 0.59 1.09
S150 Y -17.4 -17.98 168.55 168.66 -0.58 -0.11
N151 A -17.4 -17.59 168.99 168.66 -0.19 0.33
N151 C -17.4 -17.57 168.06 168.66 -0.17 -0.6
N151 D -17.4 -18.51 169.04 168.66 -1.11 0.38
N151 E -17.4 -18.2 168.41 168.66 -0.8 -0.25
N151 F -17.4 -17.54 167.86 168.66 -0.14 -0.8
N151 G -17.4 -17.69 169.59 168.66 -0.29 0.93
N151 H -17.4 -17.44 168.92 168.66 -0.04 0.26
N151 I -17.4 -17.37 167.93 168.66 0.03 -0.73
N151 K -17.4 -17.5 168.45 168.66 -0.1 -0.21
N151 L -17.4 -17.37 167.29 168.66 0.03 -1.37
N151 M -17.4 -17.52 167.85 168.66 -0.12 -0.81
N151 P -17.4 -17.44 169.29 168.66 -0.04 0.63
N151 Q -17.4 -18.62 168.89 168.66 -1.22 0.23
N151 R -17.4 -17.22 167.71 168.66 0.18 -0.95
N151 S -17.4 -17.98 168.99 168.66 -0.58 0.33
N151 T -17.4 -17.44 169.23 168.66 -0.04 0.57
N151 V -17.4 -17.43 168.43 168.66 -0.03 -0.23
N151 W -17.4 -17.49 167.89 168.66 -0.09 -0.77
N151 Y -17.4 -17.55 167.62 168.66 -0.15 -1.04
Y152 A -17.4 -16.17 170.98 168.66 1.23 2.32
Y152 C -17.4 -16.29 170.04 168.66 1.11 1.38
Y152 D -17.4 -15.82 171.2 168.66 1.58 2.54
Y152 E -17.4 -16.65 170.87 168.66 0.75 2.21
Y152 F -17.4 -17.69 169.57 168.66 -0.29 0.91
Y152 G -17.4 -16.13 171.91 168.66 1.27 3.25
Y152 H -17.4 -15.79 170.33 168.66 1.61 1.67
Y152 I -17.4 -16.61 169.73 168.66 0.79 1.07
Y152 K -17.4 -15.68 170.19 168.66 1.72 1.53
Y152 L -17.4 -16.7 169.17 168.66 0.7 0.51
Y152 M -17.4 -17.52 169.46 168.66 -0.12 0.8
Y152 N -17.4 -15.86 170.2 168.66 1.54 1.54
Y152 P -17.4 -16.14 170.94 168.66 1.26 2.28
Y152 Q -17.4 -15.93 170.84 168.66 1.47 2.18
Y152 R -17.4 -17.15 170.12 168.66 0.25 1.46
Y152 S -17.4 -16.07 170.99 168.66 1.33 2.33
Y152 T -17.4 -16.29 171.07 168.66 1.11 2.41
Y152 V -17.4 -16.33 170.11 168.66 1.07 1.45
Y152 W -17.4 -15.35 170.13 168.66 2.05 1.47
Y169 A -17.4 -17.47 171.57 168.66 -0.07 2.91
Y169 C -17.4 -17.47 170.54 168.66 -0.07 1.88
Y169 D -17.4 -17.47 171.71 168.66 -0.07 3.05
Y169 E -17.4 -17.45 171.03 168.66 -0.05 2.37
Y169 F -17.4 -17.46 169.25 168.66 -0.06 0.59
Y169 G -17.4 -17.47 172.55 168.66 -0.07 3.89
Y169 H -17.4 -17.47 170.96 168.66 -0.07 2.3
Y169 I -17.4 -17.47 169.48 168.66 -0.07 0.82
Y169 K -17.4 -17.42 170.75 168.66 -0.02 2.09
Y169 L -17.4 -17.47 169.27 168.66 -0.07 0.61
Y169 M -17.4 -17.47 169.89 168.66 -0.07 1.23
Y169 N -17.4 -17.47 171.26 168.66 -0.07 2.6
Y169 P -17.4 -17.47 170.67 168.66 -0.07 2.01
Y169 Q -17.4 -17.47 171.4 168.66 -0.07 2.74
Y169 R -17.4 -17.43 169.87 168.66 -0.03 1.21
Y169 S -17.4 -17.47 171.7 168.66 -0.07 3.04
Y169 T -17.4 -17.47 171.31 168.66 -0.07 2.65
Y169 V -17.4 -17.47 170.14 168.66 -0.07 1.48
Y169 W -17.4 -17.44 170.85 168.66 -0.04 2.19
Y170 A -17.4 -15.36 170.16 168.66 2.04 1.5
Y170 C -17.4 -15.31 169.34 168.66 2.09 0.68
Y170 D -17.4 -15.74 170.45 168.66 1.66 1.79
Y170 E -17.4 -16.23 169.84 168.66 1.17 1.18
Y170 F -17.4 -16.3 169.41 168.66 1.1 0.75
Y170 G -17.4 -15.37 171.11 168.66 2.03 2.45
Y170 H -17.4 -16.28 169.77 168.66 1.12 1.11
Y170 I -17.4 -15.46 169.0 168.66 1.94 0.34
Y170 K -17.4 -15.82 169.52 168.66 1.58 0.86
Y170 L -17.4 -15.46 168.3 168.66 1.94 -0.36
Y170 M -17.4 -16.22 168.75 168.66 1.18 0.09
Y170 N -17.4 -15.98 169.75 168.66 1.42 1.09
Y170 P -17.4 -15.34 170.05 168.66 2.06 1.39
Y170 Q -17.4 -15.81 170.02 168.66 1.59 1.36
Y170 R -17.4 -17.86 169.07 168.66 -0.46 0.41
Y170 S -17.4 -15.29 170.25 168.66 2.11 1.59
Y170 T -17.4 -15.24 170.56 168.66 2.16 1.9
Y170 V -17.4 -15.27 169.27 168.66 2.13 0.61
Y170 W -17.4 -16.6 169.92 168.66 0.8 1.26
K173 A -17.4 -15.94 169.52 168.66 1.46 0.86
K173 C -17.4 -15.89 168.52 168.66 1.51 -0.14
K173 D -17.4 -15.79 169.01 168.66 1.61 0.35
K173 E -17.4 -15.86 168.83 168.66 1.54 0.17
K173 F -17.4 -16.29 168.63 168.66 1.11 -0.03
K173 G -17.4 -15.94 170.53 168.66 1.46 1.87
K173 H -17.4 -15.83 169.05 168.66 1.57 0.39
K173 I -17.4 -15.87 168.53 168.66 1.53 -0.13
K173 L -17.4 -15.81 167.52 168.66 1.59 -1.14
K173 M -17.4 -16.34 168.09 168.66 1.06 -0.57
K173 N -17.4 -15.81 168.86 168.66 1.59 0.2
K173 P -17.4 -15.92 168.93 168.66 1.48 0.27
K173 Q -17.4 -17.17 168.99 168.66 0.23 0.33
K173 R -17.4 -17.89 168.01 168.66 -0.49 -0.65
K173 S -17.4 -15.91 169.39 168.66 1.49 0.73
K173 T -17.4 -15.88 169.67 168.66 1.52 1.01
K173 V -17.4 -15.89 168.84 168.66 1.51 0.18
K173 W -17.4 -16.51 168.25 168.66 0.89 -0.41
K173 Y -17.4 -16.74 168.29 168.66 0.66 -0.37
G211 A -17.4 -17.38 167.82 168.66 0.02 -0.84
G211 C -17.4 -17.36 166.61 168.66 0.04 -2.05
G211 D -17.4 -17.37 168.36 168.66 0.03 -0.3
G211 E -17.4 -17.36 168.55 168.66 0.04 -0.11
G211 F -17.4 -17.35 165.28 168.66 0.05 -3.38
G211 H -17.4 -17.37 167.72 168.66 0.03 -0.94
G211 I -17.4 -17.31 165.41 168.66 0.09 -3.25
G211 K -17.4 -17.36 167.83 168.66 0.04 -0.83
G211 L -17.4 -17.33 165.35 168.66 0.07 -3.31
G211 M -17.4 -17.36 166.07 168.66 0.04 -2.59
G211 N -17.4 -17.37 167.89 168.66 0.03 -0.77
G211 P -17.4 -17.38 167.22 168.66 0.02 -1.44
G211 Q -17.4 -17.38 167.82 168.66 0.02 -0.84
G211 R -17.4 -17.36 169.72 168.66 0.04 1.06
G211 S -17.4 -17.37 168.05 168.66 0.03 -0.61
G211 T -17.4 -17.34 167.43 168.66 0.06 -1.23
G211 V -17.4 -17.33 166.35 168.66 0.07 -2.31
G211 W -17.4 -17.36 169.17 168.66 0.04 0.51
G211 Y -17.4 -17.35 165.95 168.66 0.05 -2.71
K212 A -17.4 -16.47 169.22 168.66 0.93 0.56
K212 C -17.4 -16.47 168.31 168.66 0.93 -0.35
K212 D -17.4 -16.09 169.54 168.66 1.31 0.88
K212 E -17.4 -16.82 168.83 168.66 0.58 0.17
K212 F -17.4 -17.8 167.64 168.66 -0.4 -1.02
K212 G -17.4 -16.52 170.11 168.66 0.88 1.45
K212 H -17.4 -16.51 169.17 168.66 0.89 0.51
K212 I -17.4 -16.49 167.95 168.66 0.91 -0.71
K212 L -17.4 -16.52 167.69 168.66 0.88 -0.97
K212 M -17.4 -16.45 167.9 168.66 0.95 -0.76
K212 N -17.4 -16.18 169.19 168.66 1.22 0.53
K212 P -17.4 -16.51 169.65 168.66 0.89 0.99
K212 Q -17.4 -17.41 168.72 168.66 -0.01 0.06
K212 R -17.4 -18.77 168.23 168.66 -1.37 -0.43
K212 S -17.4 -16.41 168.72 168.66 0.99 0.06
K212 T -17.4 -16.42 168.79 168.66 0.98 0.13
K212 V -17.4 -16.47 168.31 168.66 0.93 -0.35
K212 W -17.4 -16.35 169.18 168.66 1.05 0.52
K212 Y -17.4 -16.81 167.81 168.66 0.59 -0.85
M213 A -17.4 -16.26 169.21 168.66 1.14 0.55
M213 C -17.4 -16.65 168.39 168.66 0.75 -0.27
M213 D -17.4 -15.52 168.97 168.66 1.88 0.31
M213 E -17.4 -17.65 168.66 168.66 -0.25 0.0
M213 F -17.4 -16.13 168.9 168.66 1.27 0.24
M213 G -17.4 -16.14 169.96 168.66 1.26 1.3
M213 H -17.4 -18.44 169.38 168.66 -1.04 0.72
M213 I -17.4 -16.98 167.79 168.66 0.42 -0.87
M213 K -17.4 -17.34 168.68 168.66 0.06 0.02
M213 L -17.4 -16.47 167.73 168.66 0.93 -0.93
M213 N -17.4 -16.63 168.78 168.66 0.77 0.12
M213 P -17.4 -16.41 169.16 168.66 0.99 0.5
M213 Q -17.4 -16.46 168.52 168.66 0.94 -0.14
M213 R -17.4 -16.76 167.6 168.66 0.64 -1.06
M213 S -17.4 -16.61 169.22 168.66 0.79 0.56
M213 T -17.4 -17.09 168.88 168.66 0.31 0.22
M213 V -17.4 -17.06 168.24 168.66 0.34 -0.42
M213 W -17.4 -14.14 169.35 168.66 3.26 0.69
M213 Y -17.4 -18.48 168.7 168.66 -1.08 0.04
L214 A -17.4 -17.12 170.99 168.66 0.28 2.33
L214 C -17.4 -17.14 169.8 168.66 0.26 1.14
L214 D -17.4 -16.84 170.29 168.66 0.56 1.63
L214 E -17.4 -17.02 170.51 168.66 0.38 1.85
L214 F -17.4 -17.51 170.38 168.66 -0.11 1.72
L214 G -17.4 -17.08 171.97 168.66 0.32 3.31
L214 H -17.4 -17.83 171.03 168.66 -0.43 2.37
L214 I -17.4 -18.04 168.6 168.66 -0.64 -0.06
L214 K -17.4 -17.25 170.29 168.66 0.15 1.63
L214 M -17.4 -17.96 169.57 168.66 -0.56 0.91
L214 N -17.4 -18.03 170.08 168.66 -0.63 1.42
L214 P -17.4 -16.78 170.11 168.66 0.62 1.45
L214 Q -17.4 -18.07 170.7 168.66 -0.67 2.04
L214 R -17.4 -16.85 169.83 168.66 0.55 1.17
L214 S -17.4 -17.0 170.96 168.66 0.4 2.3
L214 T -17.4 -16.88 170.2 168.66 0.52 1.54
L214 V -17.4 -17.29 169.49 168.66 0.11 0.83
L214 W -17.4 -17.43 171.52 168.66 -0.03 2.86
L214 Y -17.4 -15.22 169.51 168.66 2.18 0.85
P215 A -17.4 -17.39 169.53 168.66 0.01 0.87
P215 C -17.4 -17.38 168.58 168.66 0.02 -0.08
P215 D -17.4 -17.39 169.92 168.66 0.01 1.26
P215 E -17.4 -17.39 169.6 168.66 0.01 0.94
P215 F -17.4 -17.5 170.78 168.66 -0.1 2.12
P215 G -17.4 -17.39 170.5 168.66 0.01 1.84
P215 H -17.4 -17.29 171.43 168.66 0.11 2.77
P215 I -17.4 -17.38 167.74 168.66 0.02 -0.92
P215 K -17.4 -17.19 169.57 168.66 0.21 0.91
P215 L -17.4 -17.39 168.31 168.66 0.01 -0.35
P215 M -17.4 -17.42 168.58 168.66 -0.02 -0.08
P215 N -17.4 -17.39 169.8 168.66 0.01 1.14
P215 Q -17.4 -17.39 170.0 168.66 0.01 1.34
P215 R -17.4 -15.56 168.17 168.66 1.84 -0.49
P215 S -17.4 -17.39 169.58 168.66 0.01 0.92
P215 T -17.4 -17.38 168.86 168.66 0.02 0.2
P215 V -17.4 -17.38 168.01 168.66 0.02 -0.65
P215 W -17.4 -17.42 172.56 168.66 -0.02 3.9
P215 Y -17.4 -17.31 169.31 168.66 0.09 0.65
W216 A -17.4 -17.48 172.09 168.66 -0.08 3.43
W216 C -17.4 -17.48 170.81 168.66 -0.08 2.15
W216 D -17.4 -17.48 171.97 168.66 -0.08 3.31
W216 E -17.4 -17.48 171.15 168.66 -0.08 2.49
W216 F -17.4 -17.49 170.01 168.66 -0.09 1.35
W216 G -17.4 -17.48 172.86 168.66 -0.08 4.2
W216 H -17.4 -17.44 171.36 168.66 -0.04 2.7
W216 I -17.4 -17.46 169.6 168.66 -0.06 0.94
W216 K -17.4 -17.45 171.51 168.66 -0.05 2.85
W216 L -17.4 -17.48 169.39 168.66 -0.08 0.73
W216 M -17.4 -17.48 169.84 168.66 -0.08 1.18
W216 N -17.4 -17.43 171.79 168.66 -0.03 3.13
W216 P -17.4 -17.48 170.63 168.66 -0.08 1.97
W216 Q -17.4 -17.48 171.75 168.66 -0.08 3.09
W216 R -17.4 -17.41 171.48 168.66 -0.01 2.82
W216 S -17.4 -17.48 172.09 168.66 -0.08 3.43
W216 T -17.4 -17.48 171.59 168.66 -0.08 2.93
W216 V -17.4 -17.48 170.44 168.66 -0.08 1.78
W216 Y -17.4 -17.11 169.86 168.66 0.29 1.2
