Positions Mutations EvoEF1_WT_Scores Stability_WT_Scores EvoEF1_Mutant_Scores Stability_Mutant_Scores DDG_EvoEF1_Scores DDG_Stability_Scores
G57 Y -17.4 168.66 -15.5 168.28 1.9 -0.38
S60 Y -17.4 168.66 -13.63 167.17 3.77 -1.49
Y102 D -17.4 168.66 -15.42 169.87 1.98 1.21
Y102 G -17.4 168.66 -15.1 170.51 2.3 1.85
Y102 N -17.4 168.66 -15.55 169.63 1.85 0.97
Y102 S -17.4 168.66 -15.38 170.07 2.02 1.41
Y152 W -17.4 168.66 -15.35 170.13 2.05 1.47
Y170 A -17.4 168.66 -15.36 170.16 2.04 1.5
Y170 C -17.4 168.66 -15.31 169.34 2.09 0.68
Y170 G -17.4 168.66 -15.37 171.11 2.03 2.45
Y170 I -17.4 168.66 -15.46 169.0 1.94 0.34
Y170 L -17.4 168.66 -15.46 168.3 1.94 -0.36
Y170 P -17.4 168.66 -15.34 170.05 2.06 1.39
Y170 S -17.4 168.66 -15.29 170.25 2.11 1.59
Y170 T -17.4 168.66 -15.24 170.56 2.16 1.9
Y170 V -17.4 168.66 -15.27 169.27 2.13 0.61
M213 D -17.4 168.66 -15.52 168.97 1.88 0.31
M213 W -17.4 168.66 -14.14 169.35 3.26 0.69
L214 Y -17.4 168.66 -15.22 169.51 2.18 0.85
P215 R -17.4 168.66 -15.56 168.17 1.84 -0.49
