Positions Mutations EvoEF1_WT_Scores Stability_WT_Scores EvoEF1_Mutant_Scores Stability_Mutant_Scores DDG_EvoEF1_Scores DDG_Stability_Scores
S32 W -17.4 168.66 -19.87 168.76 -2.47 0.1
W54 Q -17.4 168.66 -18.6 170.38 -1.2 1.72
D56 F -17.4 168.66 -18.86 169.76 -1.46 1.1
D56 K -17.4 168.66 -19.44 168.47 -2.04 -0.19
D56 N -17.4 168.66 -19.27 167.96 -1.87 -0.7
D56 Q -17.4 168.66 -19.8 168.69 -2.4 0.03
D56 R -17.4 168.66 -18.94 167.96 -1.54 -0.7
D56 W -17.4 168.66 -19.34 169.66 -1.94 1.0
G57 R -17.4 168.66 -18.99 167.48 -1.59 -1.18
D58 F -17.4 168.66 -18.95 168.79 -1.55 0.13
K66 N -17.4 168.66 -18.66 167.88 -1.26 -0.78
K66 Q -17.4 168.66 -18.79 168.29 -1.39 -0.37
K66 R -17.4 168.66 -18.88 167.26 -1.48 -1.4
D103 T -17.4 168.66 -19.23 167.83 -1.83 -0.83
Q147 R -17.4 168.66 -19.08 167.98 -1.68 -0.68
D148 E -17.4 168.66 -18.88 169.02 -1.48 0.36
D148 R -17.4 168.66 -18.59 168.71 -1.19 0.05
S150 F -17.4 168.66 -18.75 168.87 -1.35 0.21
S150 H -17.4 168.66 -18.72 169.59 -1.32 0.93
S150 R -17.4 168.66 -18.96 168.44 -1.56 -0.22
N151 Q -17.4 168.66 -18.62 168.89 -1.22 0.23
K212 R -17.4 168.66 -18.77 168.23 -1.37 -0.43
