Positions Mutations FoldX_WT_Scores Stability_WT_Scores FoldX_Mutant_Scores Stability_Mutant_Scores DDG_FoldX_Scores DDG_Stability_Scores
F19 D -20.7476 5.63399 -14.7186 5.27442 6.03 -0.36
F19 E -20.7678 5.6327 -15.6446 5.30046 5.12 -0.33
F19 G -20.7476 5.6306 -15.2615 7.06347 5.49 1.43
F19 R -20.7476 5.63467 -13.2644 6.5339599999999995 7.48 0.9
F19 W -20.7726 5.63467 -12.2644 5.76967 8.51 0.13
W23 A -20.6908 5.6327 -15.3636 6.2436 5.33 0.61
W23 C -20.6388 5.6064300000000005 -15.2349 6.51617 5.4 0.91
W23 D -20.6388 5.6327 -14.9043 6.66983 5.73 1.04
W23 E -20.6388 5.56059 -14.7948 6.0951 5.84 0.53
W23 G -20.6679 5.6327 -14.9198 7.497999999999999 5.75 1.87
W23 K -20.6388 5.6064300000000005 -14.495 5.86281 6.14 0.26
W23 N -20.6388 5.6327 -15.0707 6.81798 5.57 1.19
W23 P -20.6388 5.60846 -13.3208 10.5544 7.32 4.95
W23 Q -20.6388 5.6327 -15.0306 6.28651 5.61 0.65
W23 R -20.6854 5.6327 -14.6716 6.09998 6.01 0.47
W23 S -20.6854 5.6327 -15.0516 7.0027 5.63 1.37
W23 T -20.6388 5.6064300000000005 -14.8948 6.5987800000000005 5.74 0.99
L26 F -21.1227 5.6327 -15.9886 5.67164 5.13 0.04
L26 R -21.0834 5.718 -13.8765 6.46381 7.21 0.75
L26 W -21.1031 5.6327 -10.4587 6.35918 10.64 0.73
L26 Y -21.0996 5.6327 -9.68753 5.7519 11.41 0.12
