Positions Mutations FoldX_WT_Scores FoldX_Mutant_Scores Stability_Mutant_Scores Stability_WT_Scores DDG_FoldX_Scores DDG_Stability_Scores
E17 A -20.6854 -20.2557 6.06304 5.71934 0.43 0.34
E17 C -20.6854 -20.4616 6.11453 5.71934 0.22 0.4
E17 D -20.6854 -20.6815 6.04437 5.71934 0.0 0.33
E17 F -20.6854 -20.1744 6.11039 5.71934 0.51 0.39
E17 G -20.6854 -20.3 6.28005 5.71934 0.39 0.56
E17 H -20.6854 -20.2142 6.06693 5.71934 0.47 0.35
E17 I -20.6854 -20.5311 6.17509 5.71934 0.15 0.46
E17 K -20.6854 -20.2595 5.78602 5.71934 0.43 0.07
E17 L -20.6854 -20.272 5.64687 5.71934 0.41 -0.07
E17 M -20.6854 -20.3914 5.41941 5.71934 0.29 -0.3
E17 N -20.6854 -20.342 6.0809 5.71934 0.34 0.36
E17 P -20.6854 -20.2768 6.35297 5.71934 0.41 0.63
E17 Q -20.6854 -20.345 5.79903 5.71934 0.34 0.08
E17 R -20.6854 -20.1411 5.69965 5.71934 0.54 -0.02
E17 S -20.6854 -20.2763 6.24673 5.71934 0.41 0.53
E17 T -20.6854 -20.2866 6.14885 5.71934 0.4 0.43
E17 V -20.6854 -20.4039 6.18341 5.71934 0.28 0.46
E17 W -20.6854 -20.2575 5.30154 5.71934 0.43 -0.42
E17 Y -20.6854 -20.1749 6.14063 5.71934 0.51 0.42
T18 A -20.6902 -20.8162 5.40327 5.64772 -0.13 -0.24
T18 C -20.6972 -21.1121 6.17151 5.58986 -0.41 0.58
T18 D -20.6972 -19.484 2.3814 5.58986 1.21 -3.21
T18 E -20.6972 -20.5364 4.06293 5.58986 0.16 -1.53
T18 F -20.6972 -22.3151 5.00697 5.58986 -1.62 -0.58
T18 G -20.6972 -20.6907 4.76654 5.64772 0.01 -0.88
T18 H -20.6902 -20.9215 5.88277 5.64772 -0.23 0.24
T18 I -20.6972 -21.1935 7.27777 5.58986 -0.5 1.69
T18 K -20.6972 -21.3016 6.14036 5.58986 -0.6 0.55
T18 L -20.6902 -21.3139 6.27595 5.58986 -0.62 0.69
T18 M -20.6972 -21.5902 6.67535 5.58986 -0.89 1.09
T18 N -20.6902 -20.8218 4.84855 5.64772 -0.13 -0.8
T18 P -20.6972 -21.145 5.92873 5.58986 -0.45 0.34
T18 Q -20.6902 -20.8871 5.79217 5.58986 -0.2 0.2
T18 R -20.6972 -21.6154 6.05645 5.64772 -0.92 0.41
T18 S -20.6902 -20.6257 4.67488 5.64772 0.06 -0.97
T18 V -20.6972 -21.0078 7.15307 5.58986 -0.31 1.56
T18 W -20.6902 -21.2245 6.75684 5.64772 -0.53 1.11
T18 Y -20.6972 -22.7882 5.3 5.58986 -2.09 -0.29
F19 A -20.7476 -16.5996 6.49992 5.6327 4.15 0.87
F19 C -20.7476 -17.836 7.17871 5.6306 2.91 1.55
F19 D -20.7476 -14.7186 5.27442 5.63399 6.03 -0.36
F19 E -20.7678 -15.6446 5.30046 5.6327 5.12 -0.33
F19 G -20.7476 -15.2615 7.06347 5.6306 5.49 1.43
F19 H -20.7678 -18.6618 6.79421 5.6306 2.11 1.16
F19 I -20.7476 -18.9308 6.1593 5.63399 1.82 0.53
F19 K -20.7058 -17.6708 6.19584 5.63467 3.04 0.56
F19 L -20.7476 -18.7969 5.57683 5.63399 1.95 -0.06
F19 M -20.7476 -19.5824 5.44775 5.6306 1.17 -0.18
F19 N -20.7476 -17.3632 6.955 5.6306 3.38 1.32
F19 P -20.7726 -16.0082 5.557 5.6327 4.76 -0.08
F19 Q -20.7476 -16.6034 5.86173 5.6306 4.14 0.23
F19 R -20.7476 -13.2644 6.53396 5.63467 7.48 0.9
F19 S -20.7476 -16.7664 6.81165 5.6306 3.98 1.18
F19 T -20.7476 -17.3527 6.42024 5.6306 3.39 0.79
F19 V -20.7476 -18.4132 6.54502 5.6327 2.33 0.91
F19 W -20.7726 -12.2644 5.76967 5.63467 8.51 0.13
F19 Y -20.726 -18.3991 6.00706 5.71934 2.33 0.29
S20 A -20.6854 -20.8827 5.32993 5.63372 -0.2 -0.3
S20 C -20.6058 -20.7765 5.74109 5.63372 -0.17 0.11
S20 D -20.6854 -20.6135 4.83582 5.63372 0.07 -0.8
S20 E -20.6902 -20.6229 4.08003 5.63372 0.07 -1.55
S20 F -20.6958 -18.2657 5.3057 5.63372 2.43 -0.33
S20 G -20.6958 -20.6411 5.84594 5.63372 0.05 0.21
S20 H -20.6115 -21.0596 5.67038 5.63372 -0.45 0.04
S20 I -20.6205 -21.549 5.23708 5.63372 -0.93 -0.4
S20 K -20.6115 -21.1078 5.31806 5.63372 -0.5 -0.32
S20 L -20.6115 -21.2532 4.85317 5.54668 -0.64 -0.69
S20 M -20.6115 -21.526 4.84156 5.54904 -0.91 -0.71
S20 N -20.6205 -20.7975 5.41118 5.63372 -0.18 -0.22
S20 P -20.7058 -20.9158 4.0641 5.63372 -0.21 -1.57
S20 Q -20.6902 -20.9299 4.80629 5.63372 -0.24 -0.83
S20 R -20.6114 -21.0672 5.53324 5.63372 -0.46 -0.1
S20 T -20.6058 -20.7831 5.59565 5.63372 -0.18 -0.04
S20 V -20.6205 -21.1102 5.5819 5.63372 -0.49 -0.05
S20 W -20.6902 -21.4083 4.97135 5.54904 -0.72 -0.58
S20 Y -20.6261 -21.1784 5.32748 5.63372 -0.55 -0.31
L22 A -20.6854 -18.9441 6.22403 5.71934 1.74 0.5
L22 C -20.6854 -19.3503 6.98876 5.71934 1.34 1.27
L22 D -20.6854 -18.6221 6.78869 5.70391 2.06 1.08
L22 E -20.6854 -19.4484 6.06196 5.63467 1.24 0.43
L22 F -20.6854 -20.8182 5.39019 5.62587 -0.13 -0.24
L22 G -20.6854 -18.6514 7.17152 5.71934 2.03 1.45
L22 H -20.6854 -19.3225 6.53542 5.63467 1.36 0.9
L22 I -20.6854 -21.0204 5.83666 5.71934 -0.33 0.12
L22 K -20.6854 -19.2674 6.10513 5.65151 1.42 0.45
L22 M -20.6854 -20.2248 5.11057 5.62587 0.46 -0.52
L22 N -20.6854 -18.8046 6.82353 5.71934 1.88 1.1
L22 P -20.6854 -19.5752 9.58227 5.71934 1.11 3.86
L22 Q -20.6854 -19.0971 5.97672 5.70852 1.59 0.27
L22 R -20.6854 -18.9478 6.4248 5.70852 1.74 0.72
L22 S -20.6854 -18.2503 6.51789 5.71934 2.44 0.8
L22 T -20.6854 -18.6523 6.96362 5.71934 2.03 1.24
L22 V -20.6854 -19.5654 6.3423 5.65151 1.12 0.69
L22 W -20.6854 -20.1683 5.38994 5.62587 0.52 -0.24
L22 Y -20.6854 -19.6351 5.53544 5.62587 1.05 -0.09
W23 A -20.6908 -15.3636 6.2436 5.6327 5.33 0.61
W23 C -20.6388 -15.2349 6.51617 5.60643 5.4 0.91
W23 D -20.6388 -14.9043 6.66983 5.6327 5.73 1.04
W23 E -20.6388 -14.7948 6.0951 5.56059 5.84 0.53
W23 F -20.6854 -18.4649 5.66251 5.57092 2.22 0.09
W23 G -20.6679 -14.9198 7.498 5.6327 5.75 1.87
W23 H -20.6854 -17.0563 6.75311 5.6327 3.63 1.12
W23 I -20.6388 -16.0838 5.14942 5.6327 4.55 -0.48
W23 K -20.6388 -14.495 5.86281 5.60643 6.14 0.26
W23 L -20.6854 -16.2841 5.44287 5.57092 4.4 -0.13
W23 M -20.6854 -17.5794 5.26307 5.47989 3.11 -0.22
W23 N -20.6388 -15.0707 6.81798 5.6327 5.57 1.19
W23 P -20.6388 -13.3208 10.5544 5.60846 7.32 4.95
W23 Q -20.6388 -15.0306 6.28651 5.6327 5.61 0.65
W23 R -20.6854 -14.6716 6.09998 5.6327 6.01 0.47
W23 S -20.6854 -15.0516 7.0027 5.6327 5.63 1.37
W23 T -20.6388 -14.8948 6.59878 5.60643 5.74 0.99
W23 V -20.6388 -15.7013 5.70847 5.60643 4.94 0.1
W23 Y -20.6854 -17.7392 5.77163 5.6327 2.95 0.14
L25 A -20.6854 -20.5886 7.00385 5.71934 0.1 1.28
L25 C -20.6854 -20.5388 6.54557 5.71934 0.15 0.83
L25 D -20.6854 -20.7185 6.59566 5.71934 -0.03 0.88
L25 E -20.6854 -20.8292 6.67614 5.71934 -0.14 0.96
L25 F -20.6806 -20.6208 5.74334 5.71934 0.06 0.02
L25 G -20.6358 -20.4682 6.78748 5.71934 0.17 1.07
L25 H -20.6854 -20.5349 6.33145 5.71934 0.15 0.61
L25 I -20.6854 -20.5837 6.90723 5.71934 0.1 1.19
L25 K -20.6806 -20.5747 6.43229 5.71934 0.11 0.71
L25 M -20.6806 -20.632 6.27125 5.71934 0.05 0.55
L25 N -20.6854 -20.5335 6.04461 5.71934 0.15 0.33
L25 P -20.6358 -20.1836 8.45257 5.71934 0.45 2.73
L25 Q -20.6806 -20.5464 5.95689 5.71934 0.13 0.24
L25 R -20.6854 -20.4431 6.1711 5.71934 0.24 0.45
L25 S -20.6806 -21.1047 6.74634 5.71934 -0.42 1.03
L25 T -20.6806 -21.1351 6.56185 5.71934 -0.45 0.84
L25 V -20.6854 -20.4657 7.69266 5.71934 0.22 1.97
L25 W -20.6806 -20.4929 6.08492 5.71934 0.19 0.37
L25 Y -20.6806 -20.6061 5.90229 5.71934 0.07 0.18
L26 A -21.0834 -18.1746 6.91436 5.6327 2.91 1.28
L26 C -21.1032 -18.6653 6.32605 5.6327 2.44 0.69
L26 D -21.0834 -17.0781 7.2638 5.6327 4.01 1.63
L26 E -20.7248 -17.6728 6.70129 5.6327 3.05 1.07
L26 F -21.1227 -15.9886 5.67164 5.6327 5.13 0.04
L26 G -21.0834 -17.4001 6.74823 5.61014 3.68 1.14
L26 H -20.7248 -20.2941 6.1912 5.718 0.43 0.47
L26 I -21.1032 -20.5542 5.81197 5.6327 0.55 0.18
L26 K -21.0834 -19.8209 6.2119 5.718 1.26 0.49
L26 M -21.0834 -20.7469 5.37203 5.61014 0.34 -0.24
L26 N -21.0834 -18.2057 6.2273 5.6327 2.88 0.59
L26 P -21.0834 -17.7388 7.5033 5.61014 3.34 1.89
L26 Q -21.0834 -19.1882 6.70386 5.6327 1.9 1.07
L26 R -21.0834 -13.8765 6.46381 5.718 7.21 0.75
L26 S -21.0834 -17.8025 6.64863 5.6327 3.28 1.02
L26 T -21.0834 -18.8523 6.06143 5.6327 2.23 0.43
L26 V -20.7248 -19.4441 6.49025 5.6327 1.28 0.86
L26 W -21.1031 -10.4587 6.35918 5.6327 10.64 0.73
L26 Y -21.0996 -9.68753 5.7519 5.6327 11.41 0.12
P27 A -20.6991 -19.4624 6.38113 5.71567 1.24 0.67
P27 C -20.6991 -20.4632 6.52767 5.71567 0.24 0.81
P27 D -20.6854 -19.7146 6.61722 5.71567 0.97 0.9
P27 E -20.6991 -21.015 6.62756 5.71567 -0.32 0.91
P27 F -20.6991 -20.4243 6.3446 5.71567 0.27 0.63
P27 G -20.6854 -18.7292 6.20704 5.71567 1.96 0.49
P27 H -20.6854 -19.5692 6.33223 5.55264 1.12 0.78
P27 I -20.6991 -20.8098 6.71102 5.55264 -0.11 1.16
P27 K -20.6991 -20.2055 6.34186 5.71567 0.49 0.63
P27 L -20.6991 -20.8187 6.4817 5.71567 -0.12 0.77
P27 M -20.6991 -21.1823 6.47644 5.71567 -0.48 0.76
P27 N -21.942 -22.9588 6.33815 5.55264 -1.02 0.79
P27 Q -20.6991 -20.4779 6.43148 5.71567 0.22 0.72
P27 R -20.6991 -20.4267 6.32552 5.71934 0.27 0.61
P27 S -20.6991 -20.5409 6.52449 5.71567 0.16 0.81
P27 T -20.6991 -19.5779 6.48529 5.71567 1.12 0.77
P27 V -20.6854 -19.9298 6.72806 5.71567 0.76 1.01
P27 W -20.6991 -20.8963 6.19185 5.71567 -0.2 0.48
P27 Y -20.6991 -20.2906 6.34533 5.71567 0.41 0.63
E28 A -20.6854 -20.8037 5.80381 5.56665 -0.12 0.24
E28 C -21.9226 -22.2586 5.93251 5.56665 -0.34 0.37
E28 D -20.6854 -20.714 5.77107 5.56665 -0.03 0.2
E28 F -21.9226 -22.7853 5.64157 5.56665 -0.86 0.07
E28 G -21.9407 -21.5258 5.63651 5.56665 0.41 0.07
E28 H -21.9372 -22.1958 5.73345 5.56665 -0.26 0.17
E28 I -20.6854 -20.8434 6.22733 5.56665 -0.16 0.66
E28 K -21.9372 -22.186 5.21048 5.56665 -0.25 -0.36
E28 L -21.9407 -22.932 5.8663 5.56665 -0.99 0.3
E28 M -21.9372 -23.0025 5.80376 5.56665 -1.07 0.24
E28 N -20.6854 -20.7095 5.72554 5.56665 -0.02 0.16
E28 P -20.6854 -20.8041 4.9333 5.56665 -0.12 -0.63
E28 Q -20.6854 -20.677 5.60344 5.56665 0.01 0.04
E28 R -22.0107 -21.8935 5.00605 5.56665 0.12 -0.56
E28 S -21.9226 -21.726 5.87327 5.56665 0.2 0.31
E28 T -20.6854 -20.5576 6.12458 5.56665 0.13 0.56
E28 V -20.6854 -20.6797 6.28118 5.56665 0.01 0.71
E28 W -20.5937 -20.9407 5.69484 5.56665 -0.35 0.13
E28 Y -21.9226 -22.692 5.65577 5.56665 -0.77 0.09
N29 A -22.2562 -20.6535 5.75969 5.71934 1.6 0.04
N29 C -22.2562 -21.1491 5.64932 5.71934 1.11 -0.07
N29 D -22.2562 -21.3159 5.96145 5.71934 0.94 0.24
N29 E -22.2562 -20.5366 5.89485 5.71934 1.72 0.18
N29 F -22.2562 -20.9667 5.47477 5.56665 1.29 -0.09
N29 G -22.2562 -20.7747 5.55316 5.71934 1.48 -0.17
N29 H -22.2562 -20.4357 5.77543 5.56665 1.82 0.21
N29 I -22.2562 -20.9955 5.98679 5.71934 1.26 0.27
N29 K -22.2562 -21.2756 5.41044 5.56665 0.98 -0.16
N29 L -21.9226 -21.5875 5.85404 5.56665 0.34 0.29
N29 M -22.2562 -21.3159 5.71833 5.56665 0.94 0.15
N29 P -22.3241 -21.0382 6.68803 5.56665 1.29 1.12
N29 Q -21.9226 -21.0327 5.80677 5.71934 0.89 0.09
N29 R -21.9226 -20.9064 5.47757 5.56665 1.02 -0.09
N29 S -22.5069 -20.6584 5.82554 5.71934 1.85 0.11
N29 T -22.2562 -20.8751 5.81043 5.71934 1.38 0.09
N29 V -22.2562 -20.9649 6.07642 5.71934 1.29 0.36
N29 W -22.5069 -20.6197 5.74414 5.71934 1.89 0.02
N29 Y -22.2562 -21.7128 5.58237 5.56665 0.54 0.02
