Positions Mutations FoldX_WT_Scores FoldX_Mutant_Scores Stability_Mutant_Scores Stability_WT_Scores DDG_FoldX_Scores DDG_Stability_Scores
V220 A -22.7983 -22.1609 12.3451 11.0815 0.64 1.26
V220 C -22.7524 -22.3094 12.6389 11.1808 0.44 1.46
V220 D -22.7983 -22.2868 12.8727 11.0415 0.51 1.83
V220 E -23.0403 -22.3063 12.1879 10.9423 0.73 1.25
V220 F -22.9289 -18.6866 11.0697 10.9423 4.24 0.13
V220 G -22.7983 -21.8989 13.5645 11.0815 0.9 2.48
V220 H -22.845 -21.9277 12.7715 11.0815 0.92 1.69
V220 I -22.7511 -22.7431 10.5493 11.1808 0.01 -0.63
V220 K -22.9764 -20.5366 11.3571 10.9423 2.44 0.41
V220 L -22.7983 -23.0484 10.0576 10.9423 -0.25 -0.88
V220 M -22.9304 -22.9769 10.9609 11.0815 -0.05 -0.12
V220 N -22.7983 -22.308 11.7339 11.0815 0.49 0.65
V220 P -22.7983 -22.172 16.2516 11.0815 0.63 5.17
V220 Q -23.1098 -21.768 12.0662 10.9423 1.34 1.12
V220 R -22.9764 -20.685 11.3688 10.9423 2.29 0.43
V220 S -22.7524 -21.979 13.4844 11.0815 0.77 2.4
V220 T -22.7511 -22.4074 12.5812 11.1808 0.34 1.4
V220 W -23.1042 -18.6909 11.7629 10.9423 4.41 0.82
V220 Y -23.2894 -17.5694 11.3076 10.9122 5.72 0.4
N223 A -22.7199 -21.7192 11.0146 11.036 1.0 -0.02
N223 C -22.9181 -21.9428 11.7975 11.036 0.98 0.76
N223 D -22.8981 -22.4045 11.4265 11.036 0.49 0.39
N223 E -22.8981 -22.1878 10.9209 11.036 0.71 -0.12
N223 F -22.7684 -21.8085 11.4725 11.1752 0.96 0.3
N223 G -22.8981 -21.841 12.0155 11.1808 1.06 0.83
N223 H -22.8981 -21.8161 11.7509 11.1808 1.08 0.57
N223 I -23.0891 -22.3659 11.9466 11.036 0.72 0.91
N223 K -22.7684 -21.7213 11.2333 11.1808 1.05 0.05
N223 L -22.8981 -22.2436 11.1447 11.1808 0.65 -0.04
N223 M -22.7684 -22.3371 10.7475 11.036 0.43 -0.29
N223 P -22.7199 -21.3435 17.9107 11.1752 1.38 6.74
N223 Q -22.8981 -21.7957 11.0883 11.1808 1.1 -0.09
N223 R -22.7684 -21.6673 10.9697 11.1752 1.1 -0.21
N223 S -22.7199 -21.521 11.3333 11.1808 1.2 0.15
N223 T -23.0891 -22.2343 11.3986 11.1808 0.85 0.22
N223 V -23.0891 -22.3377 12.4835 11.1808 0.75 1.3
N223 W -22.8981 -21.9693 11.356 11.1808 0.93 0.18
N223 Y -22.7684 -21.8421 11.5139 11.1808 0.93 0.33
H224 A -23.057 -21.8351 12.0451 10.9904 1.22 1.05
H224 C -22.8981 -21.7314 11.7312 10.8912 1.17 0.84
H224 D -23.057 -21.8097 11.7939 10.9904 1.25 0.8
H224 E -23.057 -22.2443 12.0039 10.9904 0.81 1.01
H224 F -22.9181 -23.94 10.3975 10.8912 -1.02 -0.49
H224 G -23.057 -21.4886 12.9146 10.9904 1.57 1.92
H224 I -23.057 -21.5504 12.0145 10.8912 1.51 1.12
H224 K -23.057 -21.8932 11.1018 10.8912 1.16 0.21
H224 L -23.057 -23.1991 10.7125 10.8912 -0.14 -0.18
H224 M -23.057 -23.5698 10.3883 10.8912 -0.51 -0.5
H224 N -22.8981 -21.3709 11.4499 10.9904 1.53 0.46
H224 P -23.057 -21.5943 17.1021 10.9904 1.46 6.11
H224 Q -23.057 -22.344 11.5293 10.9904 0.71 0.54
H224 R -22.9181 -21.7359 10.8483 10.8912 1.18 -0.04
H224 S -23.057 -21.5245 12.683 10.9904 1.53 1.69
H224 T -23.057 -22.2272 11.9397 10.9904 0.83 0.95
H224 V -23.0174 -22.4765 12.1852 10.9904 0.54 1.19
H224 W -22.9181 -24.8949 10.7207 10.8912 -1.98 -0.17
H224 Y -22.9181 -23.3245 10.6612 10.8912 -0.41 -0.23
A227 C -22.9181 -23.0432 11.5965 11.0415 -0.13 0.56
A227 D -22.7199 -22.2681 10.8859 11.0415 0.45 -0.16
A227 E -22.7199 -22.7079 9.98515 11.0415 0.01 -1.06
A227 F -23.057 -22.8317 10.2533 11.0415 0.23 -0.79
A227 G -22.7199 -22.3692 11.8836 11.0415 0.35 0.84
A227 H -22.9181 -23.0128 11.2829 11.0415 -0.09 0.24
A227 I -22.9181 -23.0705 10.6805 11.0415 -0.15 -0.36
A227 K -22.9181 -23.4669 10.7741 11.0415 -0.55 -0.27
A227 L -22.9181 -23.5245 10.4114 11.0415 -0.61 -0.63
A227 M -22.9181 -23.2676 9.98536 10.9423 -0.35 -0.96
A227 N -22.9181 -22.5347 11.5425 11.0415 0.38 0.5
A227 P -22.7199 -22.7883 9.02369 11.0415 -0.07 -2.02
A227 Q -22.7199 -22.6844 10.9175 11.1808 0.04 -0.26
A227 R -22.9181 -23.4462 11.173 11.0415 -0.53 0.13
A227 S -22.7199 -22.2176 11.7728 11.1808 0.5 0.59
A227 T -22.7199 -22.6059 11.4868 11.1808 0.11 0.31
A227 V -22.9181 -22.9447 11.2542 11.0415 -0.03 0.21
A227 W -23.057 -22.5528 10.1839 10.9423 0.5 -0.76
A227 Y -22.9181 -22.7958 10.1755 10.9423 0.12 -0.77
F228 A -22.6299 -22.1017 14.0953 10.4116 0.53 3.68
F228 C -22.7358 -22.2128 14.7881 10.8408 0.52 3.95
F228 D -22.7159 -22.1637 15.3349 10.9908 0.55 4.34
F228 E -22.7159 -22.3421 14.9095 10.8408 0.37 4.07
F228 G -22.6299 -22.098 15.4609 10.3092 0.53 5.15
F228 H -22.7358 -22.4456 14.4237 10.9939 0.29 3.43
F228 I -22.6299 -22.5914 16.5553 10.4116 0.04 6.14
F228 K -22.7159 -21.8739 14.2874 10.8408 0.84 3.45
F228 L -22.7358 -22.5395 11.5713 10.9939 0.2 0.58
F228 M -22.6804 -23.2323 11.6428 10.9939 -0.55 0.65
F228 N -22.7358 -22.2252 15.1198 10.8408 0.51 4.28
F228 P -22.7159 -21.911 20.9327 10.385 0.8 10.55
F228 Q -22.7358 -22.2414 15.0612 10.9939 0.49 4.07
F228 R -22.7107 -21.4444 15.687 10.94 1.27 4.75
F228 S -22.7358 -22.1411 16.2498 10.8408 0.59 5.41
F228 T -22.7358 -22.2897 17.3864 10.8408 0.45 6.55
F228 V -22.6314 -22.2132 16.7606 10.4116 0.42 6.35
F228 W -23.0384 -23.6023 12.8081 10.8408 -0.56 1.97
F228 Y -22.7009 -22.5442 11.9449 11.09 0.16 0.85
M231 A -22.9836 -21.5928 13.1766 11.1325 1.39 2.04
M231 C -22.7706 -21.8527 13.3431 11.1808 0.92 2.16
M231 D -22.9836 -20.3783 13.1859 11.1808 2.61 2.01
M231 E -22.8947 -20.1366 12.4534 11.1808 2.76 1.27
M231 F -22.8947 -22.817 11.3161 11.1808 0.08 0.14
M231 G -22.9836 -21.4352 14.1459 11.1325 1.55 3.01
M231 H -22.8947 -21.0976 13.1351 11.1808 1.8 1.95
M231 I -22.8082 -22.347 12.0179 11.1808 0.46 0.84
M231 K -22.8947 -21.6093 12.1328 11.1808 1.29 0.95
M231 L -22.8947 -22.1427 11.4441 11.1808 0.75 0.26
M231 N -22.7706 -22.5949 13.081 11.1325 0.18 1.95
M231 P -22.9836 -21.5079 15.025 11.1325 1.48 3.89
M231 Q -22.9836 -22.2494 12.1364 11.1808 0.73 0.96
M231 R -22.9836 -22.3463 12.4841 11.0815 0.64 1.4
M231 S -22.9836 -21.5451 13.166 11.1808 1.44 1.99
M231 T -22.7706 -21.7225 13.0568 11.1808 1.05 1.88
M231 V -22.7706 -21.9779 12.7063 11.1808 0.79 1.53
M231 W -22.8947 -21.6874 11.9052 10.9423 1.21 0.96
M231 Y -22.8947 -21.9683 12.3312 11.1808 0.93 1.15
V249 A -22.7199 -22.3972 11.639 11.1808 0.32 0.46
V249 C -22.7199 -22.4181 11.8485 11.1808 0.3 0.67
V249 D -22.7199 -22.1596 11.9689 11.1808 0.56 0.79
V249 E -22.7199 -22.0694 11.4702 11.1808 0.65 0.29
V249 F -22.7199 -22.0305 10.7921 11.1808 0.69 -0.39
V249 G -22.5759 -22.1872 12.7428 11.1808 0.39 1.56
V249 H -22.7199 -21.6903 11.5154 11.1808 1.03 0.33
V249 I -22.7199 -22.5104 10.179 11.1808 0.21 -1.0
V249 K -22.7199 -22.3362 10.6152 11.1808 0.38 -0.57
V249 L -22.7199 -22.4046 10.3436 11.1808 0.32 -0.84
V249 M -22.7199 -22.8293 10.246 11.1808 -0.11 -0.93
V249 N -22.7199 -22.046 11.9943 11.1808 0.67 0.81
V249 P -22.7199 -22.3213 11.4399 11.1808 0.4 0.26
V249 Q -22.7199 -21.9561 10.8839 11.1808 0.76 -0.3
V249 R -22.7199 -21.9205 11.387 11.1808 0.8 0.21
V249 S -22.7199 -22.1713 12.3086 11.1808 0.55 1.13
V249 T -22.7199 -22.2902 12.2008 11.1808 0.43 1.02
V249 W -22.7199 -22.2378 9.85374 11.1808 0.48 -1.33
V249 Y -22.7199 -21.8985 10.8661 11.1808 0.82 -0.31
M250 A -22.8185 -22.4728 14.2381 10.8629 0.35 3.38
M250 C -22.8185 -22.6168 14.5197 10.8585 0.2 3.66
M250 D -22.8185 -22.4233 15.8359 10.8585 0.4 4.98
M250 E -22.8185 -22.6095 15.0959 10.8629 0.21 4.23
M250 F -23.1957 -22.9049 9.89619 10.7575 0.29 -0.86
M250 G -22.8185 -22.4227 15.7797 10.7575 0.4 5.02
M250 H -22.8185 -22.8974 13.2678 10.7575 -0.08 2.51
M250 I -22.7175 -22.5086 12.6213 10.6271 0.21 1.99
M250 K -22.8185 -22.307 13.1494 10.8629 0.51 2.29
M250 L -22.8185 -23.1426 11.0159 10.7575 -0.32 0.26
M250 N -22.8185 -22.6309 15.0795 10.8629 0.19 4.22
M250 P -22.8185 -22.451 17.0341 10.8585 0.37 6.18
M250 Q -22.8185 -22.4914 13.475 10.8629 0.33 2.61
M250 R -22.8185 -22.6392 13.3625 9.92472 0.18 3.44
M250 S -22.8185 -22.4196 15.9601 10.8629 0.4 5.1
M250 T -22.8185 -22.6281 16.011 10.8629 0.19 5.15
M250 V -22.709 -22.5348 12.9884 10.6039 0.17 2.38
M250 W -22.8259 -22.5918 9.69036 10.5236 0.23 -0.83
M250 Y -22.8315 -21.6946 11.5633 10.6699 1.14 0.89
H252 A -22.7199 -22.7238 10.5586 11.1808 -0.0 -0.62
H252 C -22.7199 -22.7469 11.1536 11.1808 -0.03 -0.03
H252 D -22.7199 -23.1433 10.9256 11.1808 -0.42 -0.26
H252 E -22.7199 -22.973 10.4571 11.1808 -0.25 -0.72
H252 F -22.7199 -22.7624 9.81899 11.1808 -0.04 -1.36
H252 G -22.7199 -22.7184 10.7666 11.1808 0.0 -0.41
H252 I -22.7199 -22.7381 10.6632 11.1808 -0.02 -0.52
H252 K -22.7199 -22.6552 10.293 11.1808 0.06 -0.89
H252 L -22.7199 -22.7837 10.067 11.1808 -0.06 -1.11
H252 M -22.7199 -22.7239 9.85381 11.1808 -0.0 -1.33
H252 N -22.7199 -22.7262 11.0652 11.1808 -0.01 -0.12
H252 P -22.7199 -22.7617 13.8932 11.1808 -0.04 2.71
H252 Q -22.7401 -22.7328 10.5053 11.1808 0.01 -0.68
H252 R -22.7199 -22.5353 10.3047 11.1808 0.18 -0.88
H252 S -22.7199 -22.6677 10.4322 11.1808 0.05 -0.75
H252 T -22.7199 -22.7025 11.5503 11.1808 0.02 0.37
H252 V -22.7199 -22.7191 11.1156 11.1808 0.0 -0.07
H252 W -22.7199 -22.6717 10.1361 11.1808 0.05 -1.04
H252 Y -22.7199 -22.766 9.97154 11.1808 -0.05 -1.21
V253 A -22.7293 -21.2473 11.5053 11.1808 1.48 0.32
V253 C -22.729 -21.5511 11.5124 11.1808 1.18 0.33
V253 D -22.71 -20.6527 12.2934 11.1653 2.06 1.13
V253 E -22.7293 -21.3378 11.5157 11.1653 1.39 0.35
V253 F -23.1114 -18.333 10.9359 11.1808 4.78 -0.24
V253 G -22.7293 -20.8339 12.7492 11.1808 1.9 1.57
V253 H -23.0239 -21.4038 11.4147 11.1808 1.62 0.23
V253 I -22.7293 -23.0329 10.8314 11.1808 -0.3 -0.35
V253 K -22.7293 -22.3536 10.9276 11.0815 0.38 -0.15
V253 L -22.7134 -22.2646 10.108 11.1808 0.45 -1.07
V253 M -22.7293 -23.3168 9.79653 11.0815 -0.59 -1.28
V253 N -22.7297 -21.0821 11.9417 11.1808 1.65 0.76
V253 P -22.729 -21.2065 18.792 11.1808 1.52 7.61
V253 Q -22.7293 -20.8247 11.3115 11.1808 1.9 0.13
V253 R -23.0919 -20.5773 11.405 11.0815 2.51 0.32
V253 S -22.7293 -21.1294 11.7518 11.1808 1.6 0.57
V253 T -22.729 -21.6939 11.1517 11.1808 1.04 -0.03
V253 W -23.0239 -16.304 10.4375 11.0815 6.72 -0.64
V253 Y -23.1114 -16.6163 11.1059 11.1808 6.5 -0.07
S255 A -22.7399 -22.3154 11.3801 11.1808 0.42 0.2
S255 C -22.7399 -22.4531 11.6278 11.1808 0.29 0.45
S255 D -22.7401 -22.6179 11.7793 11.1653 0.12 0.61
S255 E -22.7445 -22.6966 11.4855 11.1808 0.05 0.3
S255 F -22.7445 -22.3778 10.4604 11.1808 0.37 -0.72
S255 G -22.7399 -22.2565 11.7228 11.1808 0.48 0.54
S255 H -22.7445 -22.2606 11.3315 11.1808 0.48 0.15
S255 I -22.7445 -22.3275 11.7483 11.1808 0.42 0.57
S255 K -22.7445 -22.2943 10.8674 11.1808 0.45 -0.31
S255 L -22.7445 -22.4036 11.0959 11.1808 0.34 -0.08
S255 M -22.7399 -22.4029 11.109 11.1808 0.34 -0.07
S255 N -22.7399 -22.2575 11.2962 11.1808 0.48 0.12
S255 P -22.7399 -21.885 15.7999 11.1808 0.85 4.62
S255 Q -22.7399 -22.4323 11.1006 11.1808 0.31 -0.08
S255 R -22.7445 -22.1009 11.0242 11.1808 0.64 -0.16
S255 T -22.7401 -22.7935 11.0855 11.1808 -0.05 -0.1
S255 V -22.7445 -22.2301 11.9598 11.1808 0.51 0.78
S255 W -22.7445 -22.2639 11.5172 11.1808 0.48 0.34
S255 Y -22.7445 -22.3891 10.8852 11.1808 0.36 -0.3
D256 A -22.721 -20.1643 12.0333 11.1558 2.56 0.88
D256 C -22.721 -19.983 12.2054 11.1558 2.74 1.05
D256 E -22.721 -20.8468 11.9389 11.1558 1.87 0.78
D256 F -22.7199 -20.1094 12.1168 11.1558 2.61 0.96
D256 G -22.721 -20.255 12.0275 11.1558 2.47 0.87
D256 H -22.721 -20.0917 12.2538 11.1558 2.63 1.1
D256 I -22.721 -20.3308 12.2579 11.1558 2.39 1.1
D256 K -22.721 -20.2579 11.9454 11.1558 2.46 0.79
D256 L -22.7199 -20.136 12.1467 11.1653 2.58 0.98
D256 M -22.721 -20.6898 11.8019 11.1558 2.03 0.65
D256 N -22.721 -20.942 12.0894 11.1558 1.78 0.93
D256 P -22.7412 -17.4556 12.8593 11.1558 5.29 1.7
D256 Q -22.721 -20.3903 11.9721 11.1558 2.33 0.82
D256 R -22.721 -20.1062 11.9484 11.1558 2.61 0.79
D256 S -22.721 -20.6329 12.0559 11.1558 2.09 0.9
D256 T -22.721 -19.9876 13.0476 11.1558 2.73 1.89
D256 V -22.7199 -20.083 12.5277 11.1653 2.64 1.36
D256 W -22.721 -20.6025 12.1856 11.1558 2.12 1.03
D256 Y -22.7199 -20.1331 12.1349 11.1558 2.59 0.98
V258 A -22.721 -22.5164 11.6534 11.1808 0.2 0.47
V258 C -22.7372 -22.5541 11.6098 11.1705 0.18 0.44
V258 D -22.7212 -22.5169 11.6486 11.1652 0.2 0.48
V258 E -22.7212 -22.2864 10.7026 11.1549 0.43 -0.45
V258 F -22.721 -23.2953 10.9069 11.1808 -0.57 -0.27
V258 G -22.721 -22.2092 11.9424 11.1807 0.51 0.76
V258 H -22.721 -23.2118 11.7776 11.1808 -0.49 0.6
V258 I -22.721 -22.8844 10.6688 11.1807 -0.16 -0.51
V258 K -22.7372 -23.2426 11.0037 11.1807 -0.51 -0.18
V258 L -22.7372 -22.954 10.9579 11.1808 -0.22 -0.22
V258 M -22.7372 -23.4304 11.1778 11.1807 -0.69 -0.0
V258 N -22.7372 -22.6525 11.6324 11.1808 0.08 0.45
V258 P -22.721 -23.1489 13.9944 11.066 -0.43 2.93
V258 Q -22.721 -23.2147 11.204 11.1705 -0.49 0.03
V258 R -22.7372 -23.1714 11.2672 11.1807 -0.43 0.09
V258 S -22.7372 -22.5072 11.876 11.1808 0.23 0.7
V258 T -22.721 -22.6114 11.4439 11.1808 0.11 0.26
V258 W -22.721 -23.2685 11.4556 11.1807 -0.55 0.27
V258 Y -22.721 -23.2723 11.0584 11.1808 -0.55 -0.12
N260 A -22.6959 -21.9209 12.421 11.1706 0.78 1.25
N260 C -22.7472 -21.897 12.2552 11.1706 0.85 1.08
N260 D -22.7472 -20.7438 11.1129 11.1706 2.0 -0.06
N260 E -22.6884 -21.769 11.9187 11.1706 0.92 0.75
N260 F -22.6884 -21.9454 12.7507 11.0729 0.74 1.68
N260 G -22.6884 -21.7787 12.0942 11.1706 0.91 0.92
N260 H -22.6884 -21.6313 13.5886 11.0729 1.06 2.52
N260 I -22.6884 -22.163 12.8889 11.1706 0.53 1.72
N260 K -22.6892 -21.7025 12.3647 11.1706 0.99 1.19
N260 L -22.6884 -22.1795 12.1417 11.1706 0.51 0.97
N260 M -22.6959 -21.3004 11.9617 11.1706 1.4 0.79
N260 P -22.6884 -21.7517 12.5733 11.1706 0.94 1.4
N260 Q -22.753 -22.1702 12.5362 11.1706 0.58 1.37
N260 R -22.6959 -21.7485 12.2929 11.1706 0.95 1.12
N260 S -22.6884 -21.7094 11.4338 11.1706 0.98 0.26
N260 T -22.753 -21.2185 12.3268 11.1706 1.53 1.16
N260 V -22.7472 -22.2631 13.7296 11.1706 0.48 2.56
N260 W -22.6959 -21.8607 12.1483 11.0729 0.84 1.08
N260 Y -22.753 -23.0335 12.496 11.0729 -0.28 1.42
W261 A -22.7339 -22.7682 15.0317 10.9138 -0.03 4.12
W261 C -22.7339 -22.7362 15.4067 10.9138 -0.0 4.49
W261 D -22.7339 -22.7414 16.137 10.9138 -0.01 5.22
W261 E -22.7395 -22.7305 13.6256 10.9271 0.01 2.7
W261 F -22.7233 -22.7414 12.1955 10.895 -0.02 1.3
W261 G -22.7874 -22.8768 16.6793 10.9138 -0.09 5.77
W261 H -22.7339 -22.7472 14.8132 10.895 -0.01 3.92
W261 I -22.9675 -22.7388 15.8426 10.8597 0.23 4.98
W261 K -22.7395 -22.7249 15.4012 10.9138 0.01 4.49
W261 L -22.7233 -22.7063 12.7043 10.9119 0.02 1.79
W261 M -22.7233 -22.667 12.4554 10.895 0.06 1.56
W261 N -22.7339 -22.7546 15.9349 10.9138 -0.02 5.02
W261 P -22.7395 -23.0691 13.4316 10.9138 -0.33 2.52
W261 Q -22.7339 -22.8164 14.4319 10.9138 -0.08 3.52
W261 R -22.7233 -22.7411 15.8216 10.895 -0.02 4.93
W261 S -22.7339 -22.7766 15.849 10.9138 -0.04 4.94
W261 T -22.7874 -22.4854 14.6479 10.9138 0.3 3.73
W261 V -22.7366 -22.6105 14.3179 10.9138 0.13 3.4
W261 Y -22.7233 -22.734 12.261 10.9119 -0.01 1.35
G262 A -22.7199 -17.9651 10.9313 11.1808 4.75 -0.25
G262 C -22.7364 -12.3991 11.3501 11.1808 10.34 0.17
G262 D -22.7211 -3.6586 10.5939 11.0815 19.06 -0.49
G262 E -23.336 -4.09282 9.72091 11.1808 19.24 -1.46
G262 F -22.7211 19.8415 9.51316 11.0815 42.56 -1.57
G262 H -23.093 6.76738 10.9246 11.1808 29.86 -0.26
G262 I -23.1198 6.72241 9.83586 11.1808 29.84 -1.34
G262 K -22.7211 6.71701 10.2229 11.1808 29.44 -0.96
G262 L -23.1347 8.13401 9.76813 11.0815 31.27 -1.31
G262 M -23.336 -2.86346 10.0425 11.0815 20.47 -1.04
G262 N -22.7364 -3.37847 10.9152 11.1808 19.36 -0.27
G262 P -22.7364 -11.0238 8.48068 11.1706 11.71 -2.69
G262 Q -22.5439 -1.22236 10.6002 11.0815 21.32 -0.48
G262 R -22.7382 5.41705 10.4791 11.1808 28.16 -0.7
G262 S -22.7364 -13.4454 11.1569 11.1808 9.29 -0.02
G262 T -22.8495 -4.53794 11.2828 11.1808 18.31 0.1
G262 V -22.7211 -4.08647 10.6311 11.1808 18.63 -0.55
G262 W -23.404 59.2719 9.43563 10.9423 82.68 -1.51
G262 Y -22.7211 21.4437 9.54511 11.1808 44.16 -1.64
R263 A -22.7012 -19.3473 12.0571 11.0248 3.35 1.03
R263 C -22.7012 -19.6785 12.422 11.0119 3.02 1.41
R263 D -22.6947 -19.7349 13.2615 11.0248 2.96 2.24
R263 E -22.7012 -19.5412 11.9799 11.0332 3.16 0.95
R263 F -22.6991 -16.3187 9.45655 11.0119 6.38 -1.56
R263 G -22.6991 -19.2539 12.8888 11.0248 3.45 1.86
R263 H -22.7012 -18.7993 11.822 11.0119 3.9 0.81
R263 I -22.7189 -20.3543 10.051 10.508 2.36 -0.46
R263 K -22.7044 -20.6459 10.5367 11.0306 2.06 -0.49
R263 L -22.7012 -20.8871 10.4349 11.0248 1.81 -0.59
R263 M -22.7012 -20.9152 10.7487 11.0332 1.79 -0.28
R263 N -22.6991 -20.4385 11.6031 11.0119 2.26 0.59
R263 P -22.6991 -19.3746 10.5177 11.0119 3.32 -0.49
R263 Q -22.6991 -19.6378 12.1317 11.0332 3.06 1.1
R263 S -22.6991 -18.962 12.4067 11.0119 3.74 1.39
R263 T -22.7012 -19.9931 12.3243 11.0119 2.71 1.31
R263 V -22.7168 -19.6412 11.9397 11.0119 3.08 0.93
R263 W -22.7012 -13.3981 11.1299 11.0248 9.3 0.11
R263 Y -22.7012 -15.1596 9.72505 11.0119 7.54 -1.29
V265 A -22.8544 -22.407 12.655 11.043 0.45 1.61
V265 C -22.8544 -22.5896 13.0175 11.043 0.26 1.97
V265 D -22.8544 -22.3725 14.2237 11.043 0.48 3.18
V265 E -22.8006 -22.3601 14.991 10.9436 0.44 4.05
V265 F -22.7967 -21.5668 19.7531 11.0033 1.23 8.75
V265 G -22.855 -21.9597 14.467 11.043 0.9 3.42
V265 H -23.046 -22.0608 17.3023 10.8874 0.99 6.41
V265 I -22.8274 -22.4339 12.3183 11.0033 0.39 1.32
V265 K -22.8881 -20.4765 13.7678 10.9436 2.41 2.82
V265 L -22.855 -22.2965 11.2196 11.043 0.56 0.18
V265 M -22.8008 -22.2129 12.2194 11.043 0.59 1.18
V265 N -22.8544 -22.1671 13.8746 11.043 0.69 2.83
V265 P -22.828 -22.3028 17.7331 11.0033 0.53 6.73
V265 Q -22.7998 -22.2258 14.6695 11.043 0.57 3.63
V265 R -23.1101 -16.5183 13.8658 9.17007 6.59 4.7
V265 S -22.8998 -22.3995 13.6037 10.9436 0.5 2.66
V265 T -22.8544 -22.5254 13.3524 11.0033 0.33 2.35
V265 W -22.904 -19.0821 27.6696 10.7431 3.82 16.93
V265 Y -22.855 -22.121 22.0676 10.9964 0.73 11.07
T266 A -22.7658 -22.2898 10.9593 11.0815 0.48 -0.12
T266 C -22.7658 -22.6475 11.5248 11.0815 0.12 0.44
T266 D -22.7658 -20.9118 11.3075 10.9423 1.85 0.37
T266 E -22.7658 -21.4843 10.296 10.9423 1.28 -0.65
T266 F -23.2371 -9.84182 9.53986 10.9423 13.4 -1.4
T266 G -22.7658 -21.6353 12.2556 11.0815 1.13 1.17
T266 H -23.099 -16.8344 10.6895 11.0815 6.26 -0.39
T266 I -22.907 -22.0612 10.3421 11.0815 0.85 -0.74
T266 K -23.0762 -17.5763 10.3431 11.0815 5.5 -0.74
T266 L -23.1958 -23.0023 9.52935 10.9423 0.19 -1.41
T266 M -22.7699 -20.7923 9.16452 11.0815 1.98 -1.92
T266 N -22.7658 -22.2167 10.8848 11.0815 0.55 -0.2
T266 P -22.8998 -19.8364 15.9077 10.9039 3.06 5.0
T266 Q -23.1486 -21.28 10.8502 11.0815 1.87 -0.23
T266 R -23.0609 -16.3406 10.6908 11.0815 6.72 -0.39
T266 S -22.7658 -21.5518 11.7943 11.0815 1.21 0.71
T266 V -22.7658 -23.9021 11.001 11.0815 -1.14 -0.08
T266 W -22.7699 -3.60528 9.14366 11.0815 19.16 -1.94
T266 Y -23.2371 -8.20864 9.65157 11.0815 15.03 -1.43
L267 A -22.6702 -22.1161 13.8512 10.8186 0.55 3.03
L267 C -22.5679 -22.2405 14.3583 10.9438 0.33 3.41
L267 D -22.5679 -22.0004 15.2733 10.9438 0.57 4.33
L267 E -22.6263 -21.5931 14.2107 10.9438 1.03 3.27
L267 F -22.6361 -21.1392 15.3119 10.9438 1.5 4.37
L267 G -22.6702 -22.0769 15.4932 10.8186 0.59 4.67
L267 H -22.5679 -22.0269 14.4407 10.8186 0.54 3.62
L267 I -22.6702 -22.2313 11.6687 10.8447 0.44 0.82
L267 K -22.8676 -22.0123 13.5147 10.8447 0.86 2.67
L267 M -22.5679 -23.117 11.037 10.8186 -0.55 0.22
L267 N -22.6702 -22.2469 14.3501 10.9438 0.42 3.41
L267 P -22.6702 -21.6176 18.498 10.8447 1.05 7.65
L267 Q -22.5679 -22.2247 13.12 10.8447 0.34 2.28
L267 R -23.0817 -22.0449 13.6547 10.8186 1.04 2.84
L267 S -22.6702 -22.1011 14.5317 10.8186 0.57 3.71
L267 T -22.8676 -22.1334 13.6641 10.4862 0.73 3.18
L267 V -22.5679 -22.3148 11.8264 10.629 0.25 1.2
L267 W -23.1155 -18.9669 15.6487 10.9438 4.15 4.7
L267 Y -22.6361 -20.5823 19.3656 10.6252 2.05 8.74
F270 A -22.7598 -22.1807 14.8973 11.1301 0.58 3.77
F270 C -22.7598 -22.21 15.5163 11.1301 0.55 4.39
F270 D -22.7698 -21.8742 15.5389 11.0309 0.9 4.51
F270 E -22.7698 -21.6841 14.5398 11.0309 1.09 3.51
F270 G -22.7598 -21.9117 16.3939 11.1301 0.85 5.26
F270 H -22.7598 -22.4779 13.8089 11.1301 0.28 2.68
F270 I -22.7167 -21.6008 14.8181 10.922 1.12 3.9
F270 K -22.7698 -22.0834 14.6777 11.1301 0.69 3.55
F270 L -22.7598 -22.7975 12.4856 11.1301 -0.04 1.36
F270 M -22.7524 -22.5042 11.9518 11.1301 0.25 0.82
F270 N -22.7598 -22.0788 14.7467 11.1301 0.68 3.62
F270 P -22.7167 -21.6447 18.8713 10.922 1.07 7.95
F270 Q -22.7598 -22.079 14.3306 11.1301 0.68 3.2
F270 R -22.7698 -22.1967 15.0029 11.0309 0.57 3.97
F270 S -22.7598 -21.9727 15.0818 11.1301 0.79 3.95
F270 T -22.7167 -22.0055 14.9262 11.0212 0.71 3.9
F270 V -22.7598 -22.2699 15.3511 11.1301 0.49 4.22
F270 W -22.7765 -22.5633 15.2133 11.1301 0.21 4.08
F270 Y -22.7524 -22.7084 12.4475 11.1301 0.04 1.32
E317 A -22.7204 -22.7918 11.5202 11.1808 -0.07 0.34
E317 C -22.7199 -22.7878 11.6859 11.1808 -0.07 0.51
E317 D -22.7199 -22.7148 11.7304 11.1808 0.01 0.55
E317 F -22.7204 -22.7831 10.9563 11.1808 -0.06 -0.22
E317 G -22.7204 -22.7799 11.8118 11.1808 -0.06 0.63
E317 H -22.7199 -22.7814 11.5652 11.1808 -0.06 0.38
E317 I -22.7199 -22.7574 11.1598 11.1808 -0.04 -0.02
E317 K -22.7199 -22.8332 11.0541 11.1808 -0.11 -0.13
E317 L -22.7199 -22.7845 10.9213 11.1808 -0.06 -0.26
E317 M -22.7199 -22.7869 10.767 11.1808 -0.07 -0.41
E317 N -22.7199 -22.7871 11.4077 11.1808 -0.07 0.23
E317 P -22.7199 -22.6958 12.8388 11.1808 0.02 1.66
E317 Q -22.7204 -22.7598 11.1856 11.1808 -0.04 0.0
E317 R -22.7204 -22.8063 10.9805 11.1808 -0.09 -0.2
E317 S -22.7204 -22.7973 11.1606 11.1808 -0.08 -0.02
E317 T -22.7199 -22.7938 11.2448 11.1808 -0.07 0.06
E317 V -22.7199 -22.7582 11.5548 11.1808 -0.04 0.37
E317 W -22.7204 -22.7824 11.3054 11.1808 -0.06 0.12
E317 Y -22.7204 -22.7831 11.2064 11.1808 -0.06 0.03
F318 A -22.2049 -20.2032 11.8602 11.1808 2.0 0.68
F318 C -22.2049 -20.3783 12.4961 11.1808 1.83 1.32
F318 D -22.2049 -19.5621 12.7658 11.1808 2.64 1.59
F318 E -22.7734 -20.8079 11.8793 11.1808 1.97 0.7
F318 G -22.2049 -20.2025 13.0593 11.0161 2.0 2.04
F318 H -22.7627 -21.1077 11.3772 11.1808 1.65 0.2
F318 I -22.7924 -21.02 11.9809 10.9086 1.77 1.07
F318 K -22.7734 -21.1583 11.4191 11.1808 1.62 0.24
F318 L -22.1779 -20.6237 11.1186 11.1808 1.55 -0.06
F318 M -22.7627 -22.3262 10.9645 11.1808 0.44 -0.22
F318 N -22.2049 -20.0486 11.6502 11.1808 2.16 0.47
F318 P -22.7734 -20.4186 15.8268 11.1443 2.35 4.68
F318 Q -22.2049 -20.4062 11.147 11.1808 1.8 -0.03
F318 R -22.7734 -20.9978 11.5018 11.1808 1.78 0.32
F318 S -22.2049 -20.1099 12.4804 11.1808 2.09 1.3
F318 T -22.2049 -20.5058 12.4457 11.1808 1.7 1.26
F318 V -22.7924 -21.1572 12.3602 10.9796 1.64 1.38
F318 W -22.7627 -22.3464 11.3339 11.1808 0.42 0.15
F318 Y -22.7627 -21.8066 11.1941 11.1808 0.96 0.01
F319 A -22.962 -21.9163 14.586 11.0161 1.05 3.57
F319 C -23.0977 -22.0455 14.7246 11.0161 1.05 3.71
F319 D -22.8658 -21.8034 14.0062 9.42058 1.06 4.59
F319 E -22.9896 -21.4562 13.5158 9.38894 1.53 4.13
F319 G -22.8783 -21.6515 15.3051 11.054 1.23 4.25
F319 H -22.8658 -22.3611 13.3156 11.0514 0.5 2.26
F319 I -22.9896 -22.3237 12.5057 9.42058 0.67 3.09
F319 K -23.0977 -22.2115 13.8857 11.0161 0.89 2.87
F319 L -23.0977 -22.5836 11.5736 11.0108 0.51 0.56
F319 M -22.8658 -22.9351 12.0217 11.0514 -0.07 0.97
F319 N -22.8658 -21.958 13.9791 11.0514 0.91 2.93
F319 P -23.1293 -21.9128 17.6757 11.0161 1.22 6.66
F319 Q -22.9896 -22.6844 14.1606 11.0514 0.31 3.11
F319 R -22.882 -23.0396 12.3156 9.42482 -0.16 2.89
F319 S -22.962 -21.7618 15.6593 11.0161 1.2 4.64
F319 T -22.8783 -21.6896 16.4697 11.0161 1.19 5.45
F319 V -22.7861 -22.1135 14.476 11.0161 0.67 3.46
F319 W -23.2598 -22.3663 12.6257 11.0991 0.89 1.53
F319 Y -22.8658 -22.6416 11.5553 11.0421 0.22 0.51
H320 A -22.7199 -22.6588 11.2838 11.1808 0.06 0.1
H320 C -22.7199 -22.6304 10.829 11.1808 0.09 -0.35
H320 D -22.7596 -22.6548 9.78811 9.53968 0.1 0.25
H320 E -22.7199 -22.5087 9.98568 9.53895 0.21 0.45
H320 F -22.7596 -22.6679 11.5592 11.1808 0.09 0.38
H320 G -22.7199 -22.6785 11.4134 11.1808 0.04 0.23
H320 I -22.7199 -22.6749 12.2025 11.1808 0.04 1.02
H320 K -22.7199 -22.6813 10.7029 11.1808 0.04 -0.48
H320 L -22.7199 -22.6518 10.7796 11.1808 0.07 -0.4
H320 M -22.7199 -22.6275 10.4923 11.1808 0.09 -0.69
H320 N -22.7596 -22.8316 10.9542 11.1808 -0.07 -0.23
H320 P -22.7199 -21.393 15.8916 11.1808 1.33 4.71
H320 Q -22.7199 -22.6272 11.1264 11.1808 0.09 -0.05
H320 R -22.7596 -22.8091 11.0291 11.1808 -0.05 -0.15
H320 S -22.7199 -22.6848 10.4133 11.1808 0.04 -0.77
H320 T -22.7596 -22.7699 10.8815 11.1808 -0.01 -0.3
H320 V -22.7199 -22.6658 12.3258 11.1808 0.05 1.14
H320 W -22.7199 -22.5622 10.5399 11.1808 0.16 -0.64
H320 Y -22.7199 -22.6464 11.5145 11.1808 0.07 0.33
V321 A -22.7596 -22.6875 10.3866 11.1808 0.07 -0.79
V321 C -22.7596 -22.5442 10.7388 11.1808 0.22 -0.44
V321 D -22.7596 -22.2425 10.8528 11.1808 0.52 -0.33
V321 E -22.7596 -22.7467 10.9174 11.1808 0.01 -0.26
V321 F -22.7596 -24.0671 8.41425 9.53895 -1.31 -1.12
V321 G -22.7596 -22.7453 8.80117 11.1808 0.01 -2.38
V321 H -22.7596 -22.7406 10.9492 11.1808 0.02 -0.23
V321 I -22.6191 -23.5539 11.2036 11.1808 -0.93 0.02
V321 K -22.7199 -23.7209 10.7579 11.1808 -1.0 -0.42
V321 L -22.7596 -22.7013 11.0397 11.1808 0.06 -0.14
V321 M -22.7596 -23.4049 10.4756 11.1808 -0.65 -0.71
V321 N -22.7596 -22.9732 10.8557 11.1808 -0.21 -0.33
V321 P -22.7596 -22.9467 14.921 11.1808 -0.19 3.74
V321 Q -22.7596 -22.9841 10.8304 11.1808 -0.22 -0.35
V321 R -22.7596 -24.6418 9.0886 9.53968 -1.88 -0.45
V321 S -22.7596 -23.0673 10.8032 11.1808 -0.31 -0.38
V321 T -22.7596 -22.6303 10.9532 11.1808 0.13 -0.23
V321 W -22.7596 -23.5929 10.8178 11.1808 -0.83 -0.36
V321 Y -22.7596 -23.9693 8.53595 9.53968 -1.21 -1.0
