Positions Mutations FoldX_WT_Scores Stability_WT_Scores FoldX_Mutant_Scores Stability_Mutant_Scores DDG_FoldX_Scores DDG_Stability_Scores
V253 F -23.1114 11.1808 -18.333 10.9359 4.78 -0.24
V253 W -23.0239 11.0815 -16.304 10.4375 6.72 -0.64
V253 Y -23.1114 11.1808 -16.6163 11.1059 6.5 -0.07
G262 A -22.7199 11.1808 -17.9651 10.9313 4.75 -0.25
G262 D -22.7211 11.0815 -3.6586 10.5939 19.06 -0.49
G262 E -23.336 11.1808 -4.09282 9.72091 19.24 -1.46
G262 F -22.7211 11.0815 19.8415 9.51316 42.56 -1.57
G262 H -23.093 11.1808 6.76738 10.9246 29.86 -0.26
G262 I -23.1198 11.1808 6.72241 9.83586 29.84 -1.34
G262 K -22.7211 11.1808 6.71701 10.2229 29.44 -0.96
G262 L -23.1347 11.0815 8.13401 9.76813 31.27 -1.31
G262 M -23.336 11.0815 -2.86346 10.0425 20.47 -1.04
G262 N -22.7364 11.1808 -3.37847 10.9152 19.36 -0.27
G262 P -22.7364 11.1706 -11.0238 8.48068 11.71 -2.69
G262 Q -22.5439 11.0815 -1.22236 10.6002 21.32 -0.48
G262 R -22.7382 11.1808 5.41705 10.4791 28.16 -0.7
G262 S -22.7364 11.1808 -13.4454 11.1569 9.29 -0.02
G262 V -22.7211 11.1808 -4.08647 10.6311 18.63 -0.55
G262 W -23.404 10.9423 59.2719 9.43563 82.68 -1.51
G262 Y -22.7211 11.1808 21.4437 9.54511 44.16 -1.64
R263 F -22.6991 11.0119 -16.3187 9.45655 6.38 -1.56
R263 Y -22.7012 11.0119 -15.1596 9.72505 7.54 -1.29
T266 F -23.2371 10.9423 -9.84182 9.53986 13.4 -1.4
T266 H -23.099 11.0815 -16.8344 10.6895 6.26 -0.39
T266 K -23.0762 11.0815 -17.5763 10.3431 5.5 -0.74
T266 R -23.0609 11.0815 -16.3406 10.6908 6.72 -0.39
T266 W -22.7699 11.0815 -3.60528 9.14366 19.16 -1.94
T266 Y -23.2371 11.0815 -8.20864 9.65157 15.03 -1.43
