Positions Mutations EvoEF1_WT_Scores EvoEF1_Mutant_Scores Stability_Mutant_Scores Stability_WT_Scores DDG_EvoEF1_Scores DDG_Stability_Scores
I29 A -14.66 -14.66 176.66 174.41 0.0 2.25
I29 C -14.66 -14.66 175.55 174.41 0.0 1.14
I29 D -14.66 -14.66 176.96 174.41 0.0 2.55
I29 E -14.66 -14.66 176.57 174.41 0.0 2.16
I29 F -14.66 -14.66 175.73 174.41 0.0 1.32
I29 G -14.66 -14.66 177.59 174.41 0.0 3.18
I29 H -14.66 -14.66 176.78 174.41 0.0 2.37
I29 K -14.66 -14.66 176.65 174.41 0.0 2.24
I29 L -14.66 -14.66 174.77 174.41 0.0 0.36
I29 M -14.66 -14.66 174.72 174.41 0.0 0.31
I29 N -14.66 -14.66 176.66 174.41 0.0 2.25
I29 P -14.66 -14.66 177.25 174.41 0.0 2.84
I29 Q -14.66 -14.66 176.21 174.41 0.0 1.8
I29 R -14.66 -14.66 176.68 174.41 0.0 2.27
I29 S -14.66 -14.66 176.79 174.41 0.0 2.38
I29 T -14.66 -14.66 176.14 174.41 0.0 1.73
I29 V -14.66 -14.66 175.17 174.41 0.0 0.76
I29 W -14.66 -14.66 176.62 174.41 0.0 2.21
I29 Y -14.66 -14.66 176.57 174.41 0.0 2.16
K30 A -14.66 -14.89 175.16 174.41 -0.23 0.75
K30 C -14.66 -14.9 174.33 174.41 -0.24 -0.08
K30 D -14.66 -14.9 175.18 174.41 -0.24 0.77
K30 E -14.66 -14.9 175.0 174.41 -0.24 0.59
K30 F -14.66 -14.9 175.4 174.41 -0.24 0.99
K30 G -14.66 -14.96 175.93 174.41 -0.3 1.52
K30 H -14.66 -14.9 175.58 174.41 -0.24 1.17
K30 I -14.66 -14.66 173.54 174.41 0.0 -0.87
K30 L -14.66 -14.9 173.64 174.41 -0.24 -0.77
K30 M -14.66 -14.66 174.34 174.41 0.0 -0.07
K30 N -14.66 -14.9 175.15 174.41 -0.24 0.74
K30 P -14.66 -14.91 174.13 174.41 -0.25 -0.28
K30 Q -14.66 -14.66 175.0 174.41 0.0 0.59
K30 R -14.66 -14.86 173.63 174.41 -0.2 -0.78
K30 S -14.66 -14.68 175.23 174.41 -0.02 0.82
K30 T -14.66 -14.87 174.79 174.41 -0.21 0.38
K30 V -14.66 -14.64 174.1 174.41 0.02 -0.31
K30 W -14.66 -14.71 175.55 174.41 -0.05 1.14
K30 Y -14.66 -14.88 174.31 174.41 -0.22 -0.1
E31 A -14.66 -13.7 174.79 174.41 0.96 0.38
E31 C -14.66 -14.17 173.88 174.41 0.49 -0.53
E31 D -14.66 -13.86 174.71 174.41 0.8 0.3
E31 F -14.66 -15.23 174.02 174.41 -0.57 -0.39
E31 G -14.66 -13.5 175.72 174.41 1.16 1.31
E31 H -14.66 -14.84 174.91 174.41 -0.18 0.5
E31 I -14.66 -14.53 173.16 174.41 0.13 -1.25
E31 K -14.66 -14.25 174.33 174.41 0.41 -0.08
E31 L -14.66 -15.05 173.07 174.41 -0.39 -1.34
E31 M -14.66 -15.38 173.85 174.41 -0.72 -0.56
E31 N -14.66 -14.09 174.36 174.41 0.57 -0.05
E31 P -14.66 -13.7 175.0 174.41 0.96 0.59
E31 Q -14.66 -15.1 174.06 174.41 -0.44 -0.35
E31 R -14.66 -14.24 173.82 174.41 0.42 -0.59
E31 S -14.66 -13.46 174.72 174.41 1.2 0.31
E31 T -14.66 -13.7 174.24 174.41 0.96 -0.17
E31 V -14.66 -13.99 173.44 174.41 0.67 -0.97
E31 W -14.66 -15.84 174.62 174.41 -1.18 0.21
E31 Y -14.66 -15.38 174.14 174.41 -0.72 -0.27
Y32 A -14.66 -13.35 177.33 174.41 1.31 2.92
Y32 C -14.66 -13.45 176.36 174.41 1.21 1.95
Y32 D -14.66 -14.06 177.58 174.41 0.6 3.17
Y32 E -14.66 -13.25 177.05 174.41 1.41 2.64
Y32 F -14.66 -14.4 174.67 174.41 0.26 0.26
Y32 G -14.66 -13.46 178.11 174.41 1.2 3.7
Y32 H -14.66 -13.69 176.66 174.41 0.97 2.25
Y32 I -14.66 -13.4 175.82 174.41 1.26 1.41
Y32 K -14.66 -13.68 177.14 174.41 0.98 2.73
Y32 L -14.66 -13.48 175.87 174.41 1.18 1.46
Y32 M -14.66 -13.77 175.96 174.41 0.89 1.55
Y32 N -14.66 -13.69 177.28 174.41 0.97 2.87
Y32 P -14.66 -13.46 176.7 174.41 1.2 2.29
Y32 Q -14.66 -13.17 176.72 174.41 1.49 2.31
Y32 R -14.66 -13.12 175.99 174.41 1.54 1.58
Y32 S -14.66 -13.34 177.44 174.41 1.32 3.03
Y32 T -14.66 -13.39 177.18 174.41 1.27 2.77
Y32 V -14.66 -13.39 176.08 174.41 1.27 1.67
Y32 W -14.66 -14.74 174.99 174.41 -0.08 0.58
Y33 A -14.66 -12.31 175.42 174.41 2.35 1.01
Y33 C -14.66 -12.32 174.32 174.41 2.34 -0.09
Y33 D -14.66 -12.25 175.4 174.41 2.41 0.99
Y33 E -14.66 -12.82 175.21 174.41 1.84 0.8
Y33 F -14.66 -13.18 174.86 174.41 1.48 0.45
Y33 G -14.66 -12.39 176.2 174.41 2.27 1.79
Y33 H -14.66 -12.31 175.33 174.41 2.35 0.92
Y33 I -14.66 -12.21 173.61 174.41 2.45 -0.8
Y33 K -14.66 -13.86 174.84 174.41 0.8 0.43
Y33 L -14.66 -12.32 173.91 174.41 2.34 -0.5
Y33 M -14.66 -12.8 174.23 174.41 1.86 -0.18
Y33 N -14.66 -13.33 174.98 174.41 1.33 0.57
Y33 P -14.66 -12.23 175.0 174.41 2.43 0.59
Y33 Q -14.66 -13.32 175.1 174.41 1.34 0.69
Y33 R -14.66 -13.72 174.55 174.41 0.94 0.14
Y33 S -14.66 -12.3 175.24 174.41 2.36 0.83
Y33 T -14.66 -12.22 174.81 174.41 2.44 0.4
Y33 V -14.66 -12.25 174.08 174.41 2.41 -0.33
Y33 W -14.66 -14.04 174.74 174.41 0.62 0.33
L50 A -14.66 -14.35 176.53 174.41 0.31 2.12
L50 C -14.66 -14.4 175.45 174.41 0.26 1.04
L50 D -14.66 -14.27 176.22 174.41 0.39 1.81
L50 E -14.66 -14.25 175.99 174.41 0.41 1.58
L50 F -14.66 -15.42 176.53 174.41 -0.76 2.12
L50 G -14.66 -14.35 177.43 174.41 0.31 3.02
L50 H -14.66 -14.62 176.53 174.41 0.04 2.12
L50 I -14.66 -14.41 174.68 174.41 0.25 0.27
L50 K -14.66 -15.59 175.87 174.41 -0.93 1.46
L50 M -14.66 -14.81 174.77 174.41 -0.15 0.36
L50 N -14.66 -14.25 175.95 174.41 0.41 1.54
L50 P -14.66 -14.39 175.69 174.41 0.27 1.28
L50 Q -14.66 -14.8 176.25 174.41 -0.14 1.84
L50 R -14.66 -15.01 175.25 174.41 -0.35 0.84
L50 S -14.66 -14.34 176.55 174.41 0.32 2.14
L50 T -14.66 -14.41 176.03 174.41 0.25 1.62
L50 V -14.66 -14.4 175.95 174.41 0.26 1.54
L50 W -14.66 -15.8 176.59 174.41 -1.14 2.18
L50 Y -14.66 -13.37 175.58 174.41 1.29 1.17
D52 A -14.66 -12.68 175.43 174.41 1.98 1.02
D52 C -14.66 -12.86 174.46 174.41 1.8 0.05
D52 E -14.66 -11.03 175.0 174.41 3.63 0.59
D52 F -14.66 -10.97 173.96 174.41 3.69 -0.45
D52 G -14.66 -12.37 176.37 174.41 2.29 1.96
D52 H -14.66 -11.8 175.3 174.41 2.86 0.89
D52 I -14.66 -11.89 173.42 174.41 2.77 -0.99
D52 K -14.66 -11.74 174.91 174.41 2.92 0.5
D52 L -14.66 -11.31 173.61 174.41 3.35 -0.8
D52 M -14.66 -12.97 174.13 174.41 1.69 -0.28
D52 N -14.66 -14.3 174.76 174.41 0.36 0.35
D52 P -14.66 -12.47 174.86 174.41 2.19 0.45
D52 Q -14.66 -12.41 175.2 174.41 2.25 0.79
D52 R -14.66 -12.46 174.61 174.41 2.2 0.2
D52 S -14.66 -14.39 175.38 174.41 0.27 0.97
D52 T -14.66 -14.0 174.96 174.41 0.66 0.55
D52 V -14.66 -12.33 173.92 174.41 2.33 -0.49
D52 W -14.66 -12.7 174.52 174.41 1.96 0.11
D52 Y -14.66 -11.08 173.71 174.41 3.58 -0.7
P53 A -14.66 -14.76 175.41 174.41 -0.1 1.0
P53 C -14.66 -14.77 174.67 174.41 -0.11 0.26
P53 D -14.66 -14.77 176.54 174.41 -0.11 2.13
P53 E -14.66 -14.74 175.99 174.41 -0.08 1.58
P53 F -14.66 -14.77 173.97 174.41 -0.11 -0.44
P53 G -14.66 -14.82 176.27 174.41 -0.16 1.86
P53 H -14.66 -14.67 175.51 174.41 -0.01 1.1
P53 I -14.66 -14.77 173.92 174.41 -0.11 -0.49
P53 K -14.66 -14.71 174.95 174.41 -0.05 0.54
P53 L -14.66 -14.77 173.55 174.41 -0.11 -0.86
P53 M -14.66 -14.75 173.63 174.41 -0.09 -0.78
P53 N -14.66 -14.69 175.58 174.41 -0.03 1.17
P53 Q -14.66 -14.74 176.15 174.41 -0.08 1.74
P53 R -14.66 -14.77 179.06 174.41 -0.11 4.65
P53 S -14.66 -14.74 175.46 174.41 -0.08 1.05
P53 T -14.66 -14.74 175.48 174.41 -0.08 1.07
P53 V -14.66 -14.77 174.56 174.41 -0.11 0.15
P53 W -14.66 -14.77 176.99 174.41 -0.11 2.58
P53 Y -14.66 -14.77 174.54 174.41 -0.11 0.13
E54 A -14.66 -15.03 174.49 174.41 -0.37 0.08
E54 C -14.66 -15.13 173.68 174.41 -0.47 -0.73
E54 D -14.66 -15.17 174.62 174.41 -0.51 0.21
E54 F -14.66 -16.22 174.56 174.41 -1.56 0.15
E54 G -14.66 -15.11 175.15 174.41 -0.45 0.74
E54 H -14.66 -15.35 174.68 174.41 -0.69 0.27
E54 I -14.66 -15.12 173.16 174.41 -0.46 -1.25
E54 K -14.66 -15.19 173.98 174.41 -0.53 -0.43
E54 L -14.66 -15.64 173.16 174.41 -0.98 -1.25
E54 M -14.66 -16.6 173.74 174.41 -1.94 -0.67
E54 N -14.66 -14.94 174.34 174.41 -0.28 -0.07
E54 P -14.66 -14.79 175.04 174.41 -0.13 0.63
E54 Q -14.66 -15.33 174.06 174.41 -0.67 -0.35
E54 R -14.66 -16.22 173.03 174.41 -1.56 -1.38
E54 S -14.66 -15.25 174.52 174.41 -0.59 0.11
E54 T -14.66 -15.71 174.31 174.41 -1.05 -0.1
E54 V -14.66 -14.34 173.55 174.41 0.32 -0.86
E54 W -14.66 -17.58 175.04 174.41 -2.92 0.63
E54 Y -14.66 -15.94 173.91 174.41 -1.28 -0.5
Q55 A -14.66 -13.32 174.95 174.41 1.34 0.54
Q55 C -14.66 -13.33 174.19 174.41 1.33 -0.22
Q55 D -14.66 -12.93 174.38 174.41 1.73 -0.03
Q55 E -14.66 -13.29 174.31 174.41 1.37 -0.1
Q55 F -14.66 -13.6 175.04 174.41 1.06 0.63
Q55 G -14.66 -13.33 175.65 174.41 1.33 1.24
Q55 H -14.66 -14.29 175.52 174.41 0.37 1.11
Q55 I -14.66 -13.36 173.48 174.41 1.3 -0.93
Q55 K -14.66 -14.42 174.46 174.41 0.24 0.05
Q55 L -14.66 -13.35 173.48 174.41 1.31 -0.93
Q55 M -14.66 -13.47 174.02 174.41 1.19 -0.39
Q55 N -14.66 -14.3 174.23 174.41 0.36 -0.18
Q55 P -14.66 -13.03 174.45 174.41 1.63 0.04
Q55 R -14.66 -14.35 173.98 174.41 0.31 -0.43
Q55 S -14.66 -14.42 174.94 174.41 0.24 0.53
Q55 T -14.66 -13.68 174.51 174.41 0.98 0.1
Q55 V -14.66 -13.33 173.97 174.41 1.33 -0.44
Q55 W -14.66 -13.44 175.75 174.41 1.22 1.34
Q55 Y -14.66 -13.72 174.9 174.41 0.94 0.49
N57 A -14.66 -14.1 174.62 174.41 0.56 0.21
N57 C -14.66 -14.31 173.84 174.41 0.35 -0.57
N57 D -14.66 -15.12 174.61 174.41 -0.46 0.2
N57 E -14.66 -15.02 174.15 174.41 -0.36 -0.26
N57 F -14.66 -17.29 174.62 174.41 -2.63 0.21
N57 G -14.66 -13.52 175.31 174.41 1.14 0.9
N57 H -14.66 -14.61 175.19 174.41 0.05 0.78
N57 I -14.66 -15.71 173.13 174.41 -1.05 -1.28
N57 K -14.66 -15.08 174.19 174.41 -0.42 -0.22
N57 L -14.66 -15.56 173.22 174.41 -0.9 -1.19
N57 M -14.66 -15.74 173.73 174.41 -1.08 -0.68
N57 P -14.66 -14.35 176.07 174.41 0.31 1.66
N57 Q -14.66 -15.23 174.24 174.41 -0.57 -0.17
N57 R -14.66 -15.82 173.83 174.41 -1.16 -0.58
N57 S -14.66 -14.68 174.59 174.41 -0.02 0.18
N57 T -14.66 -14.28 174.22 174.41 0.38 -0.19
N57 V -14.66 -15.1 173.75 174.41 -0.44 -0.66
N57 W -14.66 -16.29 175.06 174.41 -1.63 0.65
N57 Y -14.66 -16.82 174.04 174.41 -2.16 -0.37
T58 A -14.66 -14.67 175.1 174.41 -0.01 0.69
T58 C -14.66 -14.67 173.99 174.41 -0.01 -0.42
T58 D -14.66 -14.61 175.03 174.41 0.05 0.62
T58 E -14.66 -14.67 174.59 174.41 -0.01 0.18
T58 F -14.66 -14.85 175.49 174.41 -0.19 1.08
T58 G -14.66 -14.68 176.03 174.41 -0.02 1.62
T58 H -14.66 -14.62 175.19 174.41 0.04 0.78
T58 I -14.66 -14.69 173.06 174.41 -0.03 -1.35
T58 K -14.66 -14.67 174.29 174.41 -0.01 -0.12
T58 L -14.66 -14.67 173.98 174.41 -0.01 -0.43
T58 M -14.66 -14.69 174.31 174.41 -0.03 -0.1
T58 N -14.66 -14.62 174.69 174.41 0.04 0.28
T58 P -14.66 -14.72 174.41 174.41 -0.06 0.0
T58 Q -14.66 -14.68 175.09 174.41 -0.02 0.68
T58 R -14.66 -14.67 174.1 174.41 -0.01 -0.31
T58 S -14.66 -14.67 174.99 174.41 -0.01 0.58
T58 V -14.66 -14.69 173.86 174.41 -0.03 -0.55
T58 W -14.66 -15.53 175.93 174.41 -0.87 1.52
T58 Y -14.66 -14.61 174.26 174.41 0.05 -0.15
I59 A -14.66 -12.85 176.1 174.41 1.81 1.69
I59 C -14.66 -13.38 175.26 174.41 1.28 0.85
I59 D -14.66 -12.46 176.1 174.41 2.2 1.69
I59 E -14.66 -12.94 175.29 174.41 1.72 0.88
I59 F -14.66 -15.2 175.7 174.41 -0.54 1.29
I59 G -14.66 -12.65 177.04 174.41 2.01 2.63
I59 H -14.66 -13.96 175.92 174.41 0.7 1.51
I59 K -14.66 -12.82 175.3 174.41 1.84 0.89
I59 L -14.66 -13.84 174.5 174.41 0.82 0.09
I59 M -14.66 -14.79 175.25 174.41 -0.13 0.84
I59 N -14.66 -13.1 175.58 174.41 1.56 1.17
I59 P -14.66 -13.13 175.83 174.41 1.53 1.42
I59 Q -14.66 -13.09 175.45 174.41 1.57 1.04
I59 R -14.66 -13.02 174.85 174.41 1.64 0.44
I59 S -14.66 -12.64 176.13 174.41 2.02 1.72
I59 T -14.66 -12.88 175.71 174.41 1.78 1.3
I59 V -14.66 -13.73 174.82 174.41 0.93 0.41
I59 W -14.66 -14.12 175.46 174.41 0.54 1.05
I59 Y -14.66 -15.93 175.43 174.41 -1.27 1.02
Y60 A -14.66 -14.65 177.13 174.41 0.01 2.72
Y60 C -14.66 -14.65 176.0 174.41 0.01 1.59
Y60 D -14.66 -14.65 177.48 174.41 0.01 3.07
Y60 E -14.66 -14.65 177.12 174.41 0.01 2.71
Y60 F -14.66 -14.65 174.67 174.41 0.01 0.26
Y60 G -14.66 -14.65 177.76 174.41 0.01 3.35
Y60 H -14.66 -14.65 176.33 174.41 0.01 1.92
Y60 I -14.66 -14.71 176.2 174.41 -0.05 1.79
Y60 K -14.66 -14.65 176.23 174.41 0.01 1.82
Y60 L -14.66 -14.65 175.16 174.41 0.01 0.75
Y60 M -14.66 -14.65 175.46 174.41 0.01 1.05
Y60 N -14.66 -14.65 176.77 174.41 0.01 2.36
Y60 P -14.66 -14.65 176.52 174.41 0.01 2.11
Y60 Q -14.66 -14.65 177.25 174.41 0.01 2.84
Y60 R -14.66 -14.65 175.86 174.41 0.01 1.45
Y60 S -14.66 -14.66 177.27 174.41 0.0 2.86
Y60 T -14.66 -14.69 176.99 174.41 -0.03 2.58
Y60 V -14.66 -14.65 176.66 174.41 0.01 2.25
Y60 W -14.66 -14.74 176.77 174.41 -0.08 2.36
Q65 A -14.66 -14.75 174.37 174.41 -0.09 -0.04
Q65 C -14.66 -14.75 173.32 174.41 -0.09 -1.09
Q65 D -14.66 -14.65 174.36 174.41 0.01 -0.05
Q65 E -14.66 -14.53 173.52 174.41 0.13 -0.89
Q65 F -14.66 -15.43 174.27 174.41 -0.77 -0.14
Q65 G -14.66 -14.75 175.17 174.41 -0.09 0.76
Q65 H -14.66 -14.8 174.39 174.41 -0.14 -0.02
Q65 I -14.66 -14.8 172.52 174.41 -0.14 -1.89
Q65 K -14.66 -15.19 173.54 174.41 -0.53 -0.87
Q65 L -14.66 -14.9 172.61 174.41 -0.24 -1.8
Q65 M -14.66 -14.92 173.02 174.41 -0.26 -1.39
Q65 N -14.66 -14.7 174.09 174.41 -0.04 -0.32
Q65 P -14.66 -14.75 174.44 174.41 -0.09 0.03
Q65 R -14.66 -14.62 172.79 174.41 0.04 -1.62
Q65 S -14.66 -14.73 174.37 174.41 -0.07 -0.04
Q65 T -14.66 -14.75 173.73 174.41 -0.09 -0.68
Q65 V -14.66 -14.77 173.09 174.41 -0.11 -1.32
Q65 W -14.66 -15.84 173.97 174.41 -1.18 -0.44
Q65 Y -14.66 -12.83 172.67 174.41 1.83 -1.74
D99 A -14.66 -14.66 175.03 174.41 0.0 0.62
D99 C -14.66 -14.66 173.95 174.41 0.0 -0.46
D99 E -14.66 -14.66 173.93 174.41 0.0 -0.48
D99 F -14.66 -14.61 172.52 174.41 0.05 -1.89
D99 G -14.66 -14.66 175.88 174.41 0.0 1.47
D99 H -14.66 -14.59 174.41 174.41 0.07 0.0
D99 I -14.66 -14.66 173.57 174.41 0.0 -0.84
D99 K -14.66 -14.62 174.24 174.41 0.04 -0.17
D99 L -14.66 -14.66 173.46 174.41 0.0 -0.95
D99 M -14.66 -14.6 173.02 174.41 0.06 -1.39
D99 N -14.66 -14.66 174.35 174.41 0.0 -0.06
D99 P -14.66 -14.66 175.5 174.41 0.0 1.09
D99 Q -14.66 -14.63 174.77 174.41 0.03 0.36
D99 R -14.66 -14.58 173.56 174.41 0.08 -0.85
D99 S -14.66 -14.66 174.7 174.41 0.0 0.29
D99 T -14.66 -14.66 175.49 174.41 0.0 1.08
D99 V -14.66 -14.66 174.56 174.41 0.0 0.15
D99 W -14.66 -14.64 174.01 174.41 0.02 -0.4
D99 Y -14.66 -15.69 171.6 174.41 -1.03 -2.81
T100 A -14.66 -14.84 176.88 174.41 -0.18 2.47
T100 C -14.66 -14.81 176.07 174.41 -0.15 1.66
T100 D -14.66 -14.72 176.82 174.41 -0.06 2.41
T100 E -14.66 -14.64 176.33 174.41 0.02 1.92
T100 F -14.66 -14.4 176.99 174.41 0.26 2.58
T100 G -14.66 -14.79 177.66 174.41 -0.13 3.25
T100 H -14.66 -13.6 177.36 174.41 1.06 2.95
T100 I -14.66 -15.39 175.24 174.41 -0.73 0.83
T100 K -14.66 -14.85 176.46 174.41 -0.19 2.05
T100 L -14.66 -14.76 175.37 174.41 -0.1 0.96
T100 M -14.66 -14.97 175.69 174.41 -0.31 1.28
T100 N -14.66 -14.56 176.64 174.41 0.1 2.23
T100 P -14.66 -14.8 176.9 174.41 -0.14 2.49
T100 Q -14.66 -14.72 176.79 174.41 -0.06 2.38
T100 R -14.66 -14.82 175.91 174.41 -0.16 1.5
T100 S -14.66 -14.74 175.56 174.41 -0.08 1.15
T100 V -14.66 -14.85 175.85 174.41 -0.19 1.44
T100 W -14.66 -15.3 177.22 174.41 -0.64 2.81
T100 Y -14.66 -15.46 176.54 174.41 -0.8 2.13
A101 C -14.66 -15.09 173.67 174.41 -0.43 -0.74
A101 D -14.66 -13.62 174.23 174.41 1.04 -0.18
A101 E -14.66 -14.95 173.71 174.41 -0.29 -0.7
A101 F -14.66 -15.7 174.66 174.41 -1.04 0.25
A101 G -14.66 -13.94 174.65 174.41 0.72 0.24
A101 H -14.66 -13.72 174.84 174.41 0.94 0.43
A101 I -14.66 -17.03 173.13 174.41 -2.37 -1.28
A101 K -14.66 -14.94 173.79 174.41 -0.28 -0.62
A101 L -14.66 -17.06 173.02 174.41 -2.4 -1.39
A101 M -14.66 -16.62 173.61 174.41 -1.96 -0.8
A101 N -14.66 -14.73 174.09 174.41 -0.07 -0.32
A101 P -14.66 -15.06 175.16 174.41 -0.4 0.75
A101 Q -14.66 -15.74 174.11 174.41 -1.08 -0.3
A101 R -14.66 -15.68 173.4 174.41 -1.02 -1.01
A101 S -14.66 -14.03 174.34 174.41 0.63 -0.07
A101 T -14.66 -15.16 174.11 174.41 -0.5 -0.3
A101 V -14.66 -16.27 173.57 174.41 -1.61 -0.84
A101 W -14.66 -13.36 175.11 174.41 1.3 0.7
A101 Y -14.66 -12.36 174.27 174.41 2.3 -0.14
A102 C -14.66 -14.63 173.57 174.41 0.03 -0.84
A102 D -14.66 -14.56 174.28 174.41 0.1 -0.13
A102 E -14.66 -14.7 173.89 174.41 -0.04 -0.52
A102 F -14.66 -15.85 173.87 174.41 -1.19 -0.54
A102 G -14.66 -14.49 175.24 174.41 0.17 0.83
A102 H -14.66 -14.63 174.68 174.41 0.03 0.27
A102 I -14.66 -15.41 172.73 174.41 -0.75 -1.68
A102 K -14.66 -15.32 173.65 174.41 -0.66 -0.76
A102 L -14.66 -15.7 172.84 174.41 -1.04 -1.57
A102 M -14.66 -15.9 173.59 174.41 -1.24 -0.82
A102 N -14.66 -14.58 173.98 174.41 0.08 -0.43
A102 P -14.66 -15.08 174.44 174.41 -0.42 0.03
A102 Q -14.66 -14.91 174.15 174.41 -0.25 -0.26
A102 R -14.66 -14.99 173.32 174.41 -0.33 -1.09
A102 S -14.66 -14.58 174.36 174.41 0.08 -0.05
A102 T -14.66 -14.73 173.87 174.41 -0.07 -0.54
A102 V -14.66 -14.94 173.18 174.41 -0.28 -1.23
A102 W -14.66 -16.93 174.69 174.41 -2.27 0.28
A102 Y -14.66 -15.41 174.01 174.41 -0.75 -0.4
