Positions Mutations EvoEF1_WT_Scores Stability_WT_Scores EvoEF1_Mutant_Scores Stability_Mutant_Scores DDG_EvoEF1_Scores DDG_Stability_Scores
Y33 A -14.66 174.41 -12.31 175.42 2.35 1.01
Y33 C -14.66 174.41 -12.32 174.32 2.34 -0.09
Y33 D -14.66 174.41 -12.25 175.4 2.41 0.99
Y33 H -14.66 174.41 -12.31 175.33 2.35 0.92
Y33 I -14.66 174.41 -12.21 173.61 2.45 -0.8
Y33 L -14.66 174.41 -12.32 173.91 2.34 -0.5
Y33 P -14.66 174.41 -12.23 175.0 2.43 0.59
Y33 S -14.66 174.41 -12.3 175.24 2.36 0.83
Y33 T -14.66 174.41 -12.22 174.81 2.44 0.4
Y33 V -14.66 174.41 -12.25 174.08 2.41 -0.33
D52 E -14.66 174.41 -11.03 175.0 3.63 0.59
D52 F -14.66 174.41 -10.97 173.96 3.69 -0.45
D52 G -14.66 174.41 -12.37 176.37 2.29 1.96
D52 H -14.66 174.41 -11.8 175.3 2.86 0.89
D52 I -14.66 174.41 -11.89 173.42 2.77 -0.99
D52 K -14.66 174.41 -11.74 174.91 2.92 0.5
D52 L -14.66 174.41 -11.31 173.61 3.35 -0.8
D52 V -14.66 174.41 -12.33 173.92 2.33 -0.49
D52 Y -14.66 174.41 -11.08 173.71 3.58 -0.7
A101 Y -14.66 174.41 -12.36 174.27 2.3 -0.14
