Positions Mutations EvoEF1_WT_Scores EvoEF1_Mutant_Scores Stability_Mutant_Scores Stability_WT_Scores DDG_EvoEF1_Scores DDG_Stability_Scores
S32 A -21.22 -21.51 149.39 149.3 -0.29 0.09
S32 C -21.22 -21.63 148.48 149.3 -0.41 -0.82
S32 D -21.22 -21.25 149.08 149.3 -0.03 -0.22
S32 E -21.22 -21.6 148.56 149.3 -0.38 -0.74
S32 F -21.22 -22.05 148.3 149.3 -0.83 -1.0
S32 G -21.22 -21.19 150.16 149.3 0.03 0.86
S32 H -21.22 -21.72 149.22 149.3 -0.5 -0.08
S32 I -21.22 -22.72 147.71 149.3 -1.5 -1.59
S32 K -21.22 -22.55 148.73 149.3 -1.33 -0.57
S32 L -21.22 -22.47 147.82 149.3 -1.25 -1.48
S32 M -21.22 -22.68 148.36 149.3 -1.46 -0.94
S32 N -21.22 -21.26 148.93 149.3 -0.04 -0.37
S32 P -21.22 -21.58 148.7 149.3 -0.36 -0.6
S32 Q -21.22 -21.86 149.13 149.3 -0.64 -0.17
S32 R -21.22 -22.1 148.22 149.3 -0.88 -1.08
S32 T -21.22 -21.72 148.84 149.3 -0.5 -0.46
S32 V -21.22 -22.29 148.17 149.3 -1.07 -1.13
S32 W -21.22 -21.54 148.25 149.3 -0.32 -1.05
S32 Y -21.22 -21.64 147.7 149.3 -0.42 -1.6
G33 A -21.22 -21.37 149.6 149.3 -0.15 0.3
G33 C -21.22 -21.84 149.36 149.3 -0.62 0.06
G33 D -21.22 -20.92 152.43 149.3 0.3 3.13
G33 E -21.22 -19.64 150.45 149.3 1.58 1.15
G33 F -21.22 -19.17 152.91 149.3 2.05 3.61
G33 H -21.22 -12.61 153.58 149.3 8.61 4.28
G33 I -21.22 -22.0 151.11 149.3 -0.78 1.81
G33 K -21.22 -20.85 150.08 149.3 0.37 0.78
G33 L -21.22 -21.5 149.9 149.3 -0.28 0.6
G33 M -21.22 -19.98 149.79 149.3 1.24 0.49
G33 N -21.22 -18.92 152.11 149.3 2.3 2.81
G33 P -21.22 -21.1 149.82 149.3 0.12 0.52
G33 Q -21.22 -21.4 150.7 149.3 -0.18 1.4
G33 R -21.22 -6.24 149.73 149.3 14.98 0.43
G33 S -21.22 -21.22 151.47 149.3 0.0 2.17
G33 T -21.22 -21.81 152.64 149.3 -0.59 3.34
G33 V -21.22 -21.43 151.08 149.3 -0.21 1.78
G33 W -21.22 -7.64 152.83 149.3 13.58 3.53
G33 Y -21.22 -19.97 152.99 149.3 1.25 3.69
W54 A -21.22 -20.12 152.14 149.3 1.1 2.84
W54 C -21.22 -20.26 151.22 149.3 0.96 1.92
W54 D -21.22 -20.31 152.28 149.3 0.91 2.98
W54 E -21.22 -20.11 151.85 149.3 1.11 2.55
W54 F -21.22 -21.26 150.36 149.3 -0.04 1.06
W54 G -21.22 -20.06 153.04 149.3 1.16 3.74
W54 H -21.22 -20.43 151.1 149.3 0.79 1.8
W54 I -21.22 -20.53 151.33 149.3 0.69 2.03
W54 K -21.22 -20.3 151.77 149.3 0.92 2.47
W54 L -21.22 -20.43 150.47 149.3 0.79 1.17
W54 M -21.22 -20.77 150.79 149.3 0.45 1.49
W54 N -21.22 -19.96 151.27 149.3 1.26 1.97
W54 P -21.22 -20.14 152.13 149.3 1.08 2.83
W54 Q -21.22 -20.18 152.0 149.3 1.04 2.7
W54 R -21.22 -20.16 150.91 149.3 1.06 1.61
W54 S -21.22 -20.0 151.82 149.3 1.22 2.52
W54 T -21.22 -20.19 151.35 149.3 1.03 2.05
W54 V -21.22 -20.42 151.66 149.3 0.8 2.36
W54 Y -21.22 -21.01 150.16 149.3 0.21 0.86
W55 A -21.22 -19.79 152.36 149.3 1.43 3.06
W55 C -21.22 -19.79 151.35 149.3 1.43 2.05
W55 D -21.22 -19.77 152.18 149.3 1.45 2.88
W55 E -21.22 -19.57 151.26 149.3 1.65 1.96
W55 F -21.22 -20.18 151.72 149.3 1.04 2.42
W55 G -21.22 -19.79 153.03 149.3 1.43 3.73
W55 H -21.22 -19.79 151.15 149.3 1.43 1.85
W55 I -21.22 -19.79 150.99 149.3 1.43 1.69
W55 K -21.22 -19.79 151.93 149.3 1.43 2.63
W55 L -21.22 -19.83 151.65 149.3 1.39 2.35
W55 M -21.22 -19.87 151.08 149.3 1.35 1.78
W55 N -21.22 -19.79 152.0 149.3 1.43 2.7
W55 P -21.22 -19.8 151.67 149.3 1.42 2.37
W55 Q -21.22 -19.61 152.33 149.3 1.61 3.03
W55 R -21.22 -20.42 151.7 149.3 0.8 2.4
W55 S -21.22 -19.79 151.75 149.3 1.43 2.45
W55 T -21.22 -19.79 152.62 149.3 1.43 3.32
W55 V -21.22 -19.79 152.45 149.3 1.43 3.15
W55 Y -21.22 -19.77 150.17 149.3 1.45 0.87
D56 A -21.22 -19.69 150.19 149.3 1.53 0.89
D56 C -21.22 -19.55 149.12 149.3 1.67 -0.18
D56 E -21.22 -20.93 149.37 149.3 0.29 0.07
D56 F -21.22 -20.19 150.08 149.3 1.03 0.78
D56 G -21.22 -19.74 151.21 149.3 1.48 1.91
D56 H -21.22 -19.62 149.43 149.3 1.6 0.13
D56 I -21.22 -19.68 148.06 149.3 1.54 -1.24
D56 K -21.22 -19.59 149.27 149.3 1.63 -0.03
D56 L -21.22 -19.29 147.8 149.3 1.93 -1.5
D56 M -21.22 -19.79 148.78 149.3 1.43 -0.52
D56 N -21.22 -20.48 149.19 149.3 0.74 -0.11
D56 P -21.22 -19.67 148.54 149.3 1.55 -0.76
D56 Q -21.22 -20.91 149.69 149.3 0.31 0.39
D56 R -21.22 -20.06 148.52 149.3 1.16 -0.78
D56 S -21.22 -19.96 150.14 149.3 1.26 0.84
D56 T -21.22 -19.61 149.38 149.3 1.61 0.08
D56 V -21.22 -19.6 148.83 149.3 1.62 -0.47
D56 W -21.22 -19.94 149.03 149.3 1.28 -0.27
D56 Y -21.22 -19.76 149.67 149.3 1.46 0.37
D58 A -21.22 -19.45 149.25 149.3 1.77 -0.05
D58 C -21.22 -19.43 148.47 149.3 1.79 -0.83
D58 E -21.22 -20.1 148.67 149.3 1.12 -0.63
D58 F -21.22 -17.91 148.95 149.3 3.31 -0.35
D58 G -21.22 -19.6 150.06 149.3 1.62 0.76
D58 H -21.22 -18.28 149.51 149.3 2.94 0.21
D58 I -21.22 -19.4 147.76 149.3 1.82 -1.54
D58 K -21.22 -19.81 148.66 149.3 1.41 -0.64
D58 L -21.22 -19.4 147.89 149.3 1.82 -1.41
D58 M -21.22 -20.35 148.48 149.3 0.87 -0.82
D58 N -21.22 -19.71 148.95 149.3 1.51 -0.35
D58 P -21.22 -19.2 150.15 149.3 2.02 0.85
D58 Q -21.22 -19.75 148.97 149.3 1.47 -0.33
D58 R -21.22 -20.75 148.08 149.3 0.47 -1.22
D58 S -21.22 -20.07 149.22 149.3 1.15 -0.08
D58 T -21.22 -20.15 149.0 149.3 1.07 -0.3
D58 V -21.22 -19.3 148.19 149.3 1.92 -1.11
D58 W -21.22 -21.81 149.45 149.3 -0.59 0.15
D58 Y -21.22 -16.11 148.65 149.3 5.11 -0.65
E59 A -21.22 -21.2 149.62 149.3 0.02 0.32
E59 C -21.22 -21.22 148.68 149.3 0.0 -0.62
E59 D -21.22 -21.1 149.49 149.3 0.12 0.19
E59 F -21.22 -21.22 149.46 149.3 0.0 0.16
E59 G -21.22 -21.27 150.51 149.3 -0.05 1.21
E59 H -21.22 -21.2 149.85 149.3 0.02 0.55
E59 I -21.22 -21.21 147.95 149.3 0.01 -1.35
E59 K -21.22 -21.22 149.11 149.3 0.0 -0.19
E59 L -21.22 -21.22 148.09 149.3 0.0 -1.21
E59 M -21.22 -21.22 148.67 149.3 0.0 -0.63
E59 N -21.22 -21.17 149.36 149.3 0.05 0.06
E59 P -21.22 -21.2 148.96 149.3 0.02 -0.34
E59 Q -21.22 -21.22 148.86 149.3 0.0 -0.44
E59 R -21.22 -21.18 148.17 149.3 0.04 -1.13
E59 S -21.22 -21.19 149.63 149.3 0.03 0.33
E59 T -21.22 -21.19 149.04 149.3 0.03 -0.26
E59 V -21.22 -21.16 148.32 149.3 0.06 -0.98
E59 W -21.22 -21.15 149.89 149.3 0.07 0.59
E59 Y -21.22 -21.16 148.98 149.3 0.06 -0.32
S60 A -21.22 -20.2 149.36 149.3 1.02 0.06
S60 C -21.22 -20.22 148.44 149.3 1.0 -0.86
S60 D -21.22 -21.24 149.58 149.3 -0.02 0.28
S60 E -21.22 -20.5 148.73 149.3 0.72 -0.57
S60 F -21.22 -20.42 148.42 149.3 0.8 -0.88
S60 G -21.22 -20.2 150.36 149.3 1.02 1.06
S60 H -21.22 -20.19 149.19 149.3 1.03 -0.11
S60 I -21.22 -20.27 147.67 149.3 0.95 -1.63
S60 K -21.22 -19.83 148.87 149.3 1.39 -0.43
S60 L -21.22 -20.03 147.3 149.3 1.19 -2.0
S60 M -21.22 -20.15 147.84 149.3 1.07 -1.46
S60 N -21.22 -21.37 148.85 149.3 -0.15 -0.45
S60 P -21.22 -20.08 148.98 149.3 1.14 -0.32
S60 Q -21.22 -19.73 149.43 149.3 1.49 0.13
S60 R -21.22 -18.44 148.37 149.3 2.78 -0.93
S60 T -21.22 -21.16 149.14 149.3 0.06 -0.16
S60 V -21.22 -20.21 148.14 149.3 1.01 -1.16
S60 W -21.22 -20.26 149.11 149.3 0.96 -0.19
S60 Y -21.22 -20.37 147.66 149.3 0.85 -1.64
Y102 A -21.22 -17.96 150.72 149.3 3.26 1.42
Y102 C -21.22 -18.4 149.9 149.3 2.82 0.6
Y102 D -21.22 -18.37 150.49 149.3 2.85 1.19
Y102 E -21.22 -18.85 150.18 149.3 2.37 0.88
Y102 F -21.22 -19.61 150.03 149.3 1.61 0.73
Y102 G -21.22 -17.69 151.21 149.3 3.53 1.91
Y102 H -21.22 -18.82 150.93 149.3 2.4 1.63
Y102 I -21.22 -19.49 149.41 149.3 1.73 0.11
Y102 K -21.22 -19.46 150.07 149.3 1.76 0.77
Y102 L -21.22 -19.43 149.25 149.3 1.79 -0.05
Y102 M -21.22 -19.6 149.87 149.3 1.62 0.57
Y102 N -21.22 -18.76 150.13 149.3 2.46 0.83
Y102 P -21.22 -18.2 150.85 149.3 3.02 1.55
Y102 Q -21.22 -19.06 150.54 149.3 2.16 1.24
Y102 R -21.22 -17.94 149.26 149.3 3.28 -0.04
Y102 S -21.22 -17.9 150.6 149.3 3.32 1.3
Y102 T -21.22 -18.41 150.48 149.3 2.81 1.18
Y102 V -21.22 -18.9 150.06 149.3 2.32 0.76
Y102 W -21.22 -18.87 151.15 149.3 2.35 1.85
D103 A -21.22 -19.58 149.19 149.3 1.64 -0.11
D103 C -21.22 -19.98 148.33 149.3 1.24 -0.97
D103 E -21.22 -20.5 148.6 149.3 0.72 -0.7
D103 F -21.22 -19.33 147.52 149.3 1.89 -1.78
D103 G -21.22 -19.08 150.25 149.3 2.14 0.95
D103 H -21.22 -19.14 148.72 149.3 2.08 -0.58
D103 I -21.22 -19.89 146.98 149.3 1.33 -2.32
D103 K -21.22 -19.67 148.66 149.3 1.55 -0.64
D103 L -21.22 -20.52 147.15 149.3 0.7 -2.15
D103 M -21.22 -20.71 148.05 149.3 0.51 -1.25
D103 N -21.22 -20.88 148.92 149.3 0.34 -0.38
D103 P -21.22 -18.61 148.24 149.3 2.61 -1.06
D103 Q -21.22 -19.71 149.02 149.3 1.51 -0.28
D103 R -21.22 -17.71 147.81 149.3 3.51 -1.49
D103 S -21.22 -20.41 149.19 149.3 0.81 -0.11
D103 T -21.22 -18.87 148.72 149.3 2.35 -0.58
D103 V -21.22 -20.37 147.75 149.3 0.85 -1.55
D103 W -21.22 -19.51 147.93 149.3 1.71 -1.37
D103 Y -21.22 -16.99 146.92 149.3 4.23 -2.38
P104 A -21.22 -20.68 150.35 149.3 0.54 1.05
P104 C -21.22 -20.73 149.74 149.3 0.49 0.44
P104 D -21.22 -20.67 151.08 149.3 0.55 1.78
P104 E -21.22 -20.57 150.02 149.3 0.65 0.72
P104 F -21.22 -20.66 152.35 149.3 0.56 3.05
P104 G -21.22 -20.69 151.58 149.3 0.53 2.28
P104 H -21.22 -20.67 152.15 149.3 0.55 2.85
P104 I -21.22 -20.9 148.46 149.3 0.32 -0.84
P104 K -21.22 -20.67 149.51 149.3 0.55 0.21
P104 L -21.22 -21.25 149.31 149.3 -0.03 0.01
P104 M -21.22 -20.66 149.33 149.3 0.56 0.03
P104 N -21.22 -20.44 151.16 149.3 0.78 1.86
P104 Q -21.22 -20.66 150.58 149.3 0.56 1.28
P104 R -21.22 -21.16 149.66 149.3 0.06 0.36
P104 S -21.22 -20.55 150.42 149.3 0.67 1.12
P104 T -21.22 -20.8 150.11 149.3 0.42 0.81
P104 V -21.22 -20.8 149.07 149.3 0.42 -0.23
P104 W -21.22 -20.64 155.35 149.3 0.58 6.05
P104 Y -21.22 -20.61 150.33 149.3 0.61 1.03
Q147 A -21.22 -20.4 149.3 149.3 0.82 0.0
Q147 C -21.22 -20.4 148.43 149.3 0.82 -0.87
Q147 D -21.22 -20.3 149.15 149.3 0.92 -0.15
Q147 E -21.22 -20.33 148.72 149.3 0.89 -0.58
Q147 F -21.22 -20.74 148.92 149.3 0.48 -0.38
Q147 G -21.22 -20.42 149.96 149.3 0.8 0.66
Q147 H -21.22 -20.27 150.04 149.3 0.95 0.74
Q147 I -21.22 -20.43 147.64 149.3 0.79 -1.66
Q147 K -21.22 -21.28 148.76 149.3 -0.06 -0.54
Q147 L -21.22 -20.53 147.71 149.3 0.69 -1.59
Q147 M -21.22 -20.98 148.35 149.3 0.24 -0.95
Q147 N -21.22 -20.34 148.53 149.3 0.88 -0.77
Q147 P -21.22 -20.38 148.63 149.3 0.84 -0.67
Q147 R -21.22 -21.42 148.23 149.3 -0.2 -1.07
Q147 S -21.22 -20.38 149.22 149.3 0.84 -0.08
Q147 T -21.22 -20.36 148.57 149.3 0.86 -0.73
Q147 V -21.22 -20.4 148.22 149.3 0.82 -1.08
Q147 W -21.22 -21.28 150.13 149.3 -0.06 0.83
Q147 Y -21.22 -20.69 149.23 149.3 0.53 -0.07
D148 A -21.22 -21.37 150.11 149.3 -0.15 0.81
D148 C -21.22 -21.36 149.33 149.3 -0.14 0.03
D148 E -21.22 -21.34 149.57 149.3 -0.12 0.27
D148 F -21.22 -22.75 149.89 149.3 -1.53 0.59
D148 G -21.22 -21.37 150.86 149.3 -0.15 1.56
D148 H -21.22 -21.34 150.41 149.3 -0.12 1.11
D148 I -21.22 -21.54 148.55 149.3 -0.32 -0.75
D148 K -21.22 -22.38 149.78 149.3 -1.16 0.48
D148 L -21.22 -21.59 148.75 149.3 -0.37 -0.55
D148 M -21.22 -22.03 149.34 149.3 -0.81 0.04
D148 N -21.22 -21.22 149.26 149.3 0.0 -0.04
D148 P -21.22 -21.37 149.37 149.3 -0.15 0.07
D148 Q -21.22 -22.43 150.06 149.3 -1.21 0.76
D148 R -21.22 -22.89 149.36 149.3 -1.67 0.06
D148 S -21.22 -21.34 149.92 149.3 -0.12 0.62
D148 T -21.22 -21.4 149.49 149.3 -0.18 0.19
D148 V -21.22 -21.4 149.02 149.3 -0.18 -0.28
D148 W -21.22 -21.83 150.45 149.3 -0.61 1.15
D148 Y -21.22 -21.36 149.61 149.3 -0.14 0.31
S150 A -21.22 -21.39 149.39 149.3 -0.17 0.09
S150 C -21.22 -21.45 148.55 149.3 -0.23 -0.75
S150 D -21.22 -21.24 149.35 149.3 -0.02 0.05
S150 E -21.22 -22.77 148.98 149.3 -1.55 -0.32
S150 F -21.22 -22.66 149.14 149.3 -1.44 -0.16
S150 G -21.22 -21.35 150.24 149.3 -0.13 0.94
S150 H -21.22 -22.96 149.27 149.3 -1.74 -0.03
S150 I -21.22 -21.82 147.78 149.3 -0.6 -1.52
S150 K -21.22 -22.15 148.83 149.3 -0.93 -0.47
S150 L -21.22 -21.63 147.82 149.3 -0.41 -1.48
S150 M -21.22 -22.67 148.6 149.3 -1.45 -0.7
S150 N -21.22 -21.27 149.11 149.3 -0.05 -0.19
S150 P -21.22 -21.38 149.57 149.3 -0.16 0.27
S150 Q -21.22 -21.98 149.3 149.3 -0.76 0.0
S150 R -21.22 -21.95 148.27 149.3 -0.73 -1.03
S150 T -21.22 -21.34 149.02 149.3 -0.12 -0.28
S150 V -21.22 -21.63 148.15 149.3 -0.41 -1.15
S150 W -21.22 -24.91 149.8 149.3 -3.69 0.5
S150 Y -21.22 -21.34 148.55 149.3 -0.12 -0.75
Y152 A -21.22 -19.59 151.97 149.3 1.63 2.67
Y152 C -21.22 -19.56 150.97 149.3 1.66 1.67
Y152 D -21.22 -19.27 152.22 149.3 1.95 2.92
Y152 E -21.22 -19.26 151.91 149.3 1.96 2.61
Y152 F -21.22 -20.59 149.79 149.3 0.63 0.49
Y152 G -21.22 -19.62 153.01 149.3 1.6 3.71
Y152 H -21.22 -19.63 151.05 149.3 1.59 1.75
Y152 I -21.22 -19.5 150.55 149.3 1.72 1.25
Y152 K -21.22 -19.26 151.14 149.3 1.96 1.84
Y152 L -21.22 -19.63 149.9 149.3 1.59 0.6
Y152 M -21.22 -20.04 150.31 149.3 1.18 1.01
Y152 N -21.22 -19.26 151.69 149.3 1.96 2.39
Y152 P -21.22 -19.58 152.22 149.3 1.64 2.92
Y152 Q -21.22 -19.35 151.68 149.3 1.87 2.38
Y152 R -21.22 -19.77 150.4 149.3 1.45 1.1
Y152 S -21.22 -19.49 152.11 149.3 1.73 2.81
Y152 T -21.22 -19.46 152.15 149.3 1.76 2.85
Y152 V -21.22 -19.47 151.1 149.3 1.75 1.8
Y152 W -21.22 -20.34 150.89 149.3 0.88 1.59
Y170 A -21.22 -20.66 151.01 149.3 0.56 1.71
Y170 C -21.22 -20.66 150.14 149.3 0.56 0.84
Y170 D -21.22 -20.47 151.27 149.3 0.75 1.97
Y170 E -21.22 -20.66 150.58 149.3 0.56 1.28
Y170 F -21.22 -21.21 150.45 149.3 0.01 1.15
Y170 G -21.22 -20.66 152.06 149.3 0.56 2.76
Y170 H -21.22 -20.77 150.9 149.3 0.45 1.6
Y170 I -21.22 -20.73 149.49 149.3 0.49 0.19
Y170 K -21.22 -21.46 150.43 149.3 -0.24 1.13
Y170 L -21.22 -20.83 149.24 149.3 0.39 -0.06
Y170 M -21.22 -21.59 149.52 149.3 -0.37 0.22
Y170 N -21.22 -20.52 150.69 149.3 0.7 1.39
Y170 P -21.22 -20.65 150.22 149.3 0.57 0.92
Y170 Q -21.22 -21.06 150.75 149.3 0.16 1.45
Y170 R -21.22 -20.49 149.7 149.3 0.73 0.4
Y170 S -21.22 -20.64 151.04 149.3 0.58 1.74
Y170 T -21.22 -20.65 150.91 149.3 0.57 1.61
Y170 V -21.22 -20.65 150.1 149.3 0.57 0.8
Y170 W -21.22 -21.93 150.9 149.3 -0.71 1.6
K173 A -21.22 -20.4 150.1 149.3 0.82 0.8
K173 C -21.22 -20.38 149.18 149.3 0.84 -0.12
K173 D -21.22 -20.32 149.75 149.3 0.9 0.45
K173 E -21.22 -20.14 149.36 149.3 1.08 0.06
K173 F -21.22 -20.47 148.94 149.3 0.75 -0.36
K173 G -21.22 -20.4 151.11 149.3 0.82 1.81
K173 H -21.22 -20.26 149.46 149.3 0.96 0.16
K173 I -21.22 -20.35 149.15 149.3 0.87 -0.15
K173 L -21.22 -20.31 148.26 149.3 0.91 -1.04
K173 M -21.22 -20.56 148.73 149.3 0.66 -0.57
K173 N -21.22 -20.33 149.26 149.3 0.89 -0.04
K173 P -21.22 -20.38 149.61 149.3 0.84 0.31
K173 Q -21.22 -21.62 149.78 149.3 -0.4 0.48
K173 R -21.22 -22.37 148.36 149.3 -1.15 -0.94
K173 S -21.22 -20.38 150.0 149.3 0.84 0.7
K173 T -21.22 -20.37 150.1 149.3 0.85 0.8
K173 V -21.22 -20.37 149.63 149.3 0.85 0.33
K173 W -21.22 -21.29 149.43 149.3 -0.07 0.13
K173 Y -21.22 -20.36 148.6 149.3 0.86 -0.7
G211 A -21.22 -21.19 148.32 149.3 0.03 -0.98
G211 C -21.22 -21.19 147.22 149.3 0.03 -2.08
G211 D -21.22 -21.19 148.67 149.3 0.03 -0.63
G211 E -21.22 -21.19 148.16 149.3 0.03 -1.14
G211 F -21.22 -21.19 146.1 149.3 0.03 -3.2
G211 H -21.22 -21.19 149.22 149.3 0.03 -0.08
G211 I -21.22 -21.15 146.37 149.3 0.07 -2.93
G211 K -21.22 -21.19 148.93 149.3 0.03 -0.37
G211 L -21.22 -21.19 145.76 149.3 0.03 -3.54
G211 M -21.22 -21.19 146.19 149.3 0.03 -3.11
G211 N -21.22 -21.19 148.19 149.3 0.03 -1.11
G211 P -21.22 -21.19 147.61 149.3 0.03 -1.69
G211 Q -21.22 -21.19 148.97 149.3 0.03 -0.33
G211 R -21.22 -21.19 148.42 149.3 0.03 -0.88
G211 S -21.22 -21.19 148.07 149.3 0.03 -1.23
G211 T -21.22 -21.19 148.17 149.3 0.03 -1.13
G211 V -21.22 -21.17 146.63 149.3 0.05 -2.67
G211 W -21.22 -21.19 148.83 149.3 0.03 -0.47
G211 Y -21.22 -21.19 146.76 149.3 0.03 -2.54
K212 A -21.22 -20.19 149.94 149.3 1.03 0.64
K212 C -21.22 -20.17 148.97 149.3 1.05 -0.33
K212 D -21.22 -19.99 150.14 149.3 1.23 0.84
K212 E -21.22 -20.76 149.48 149.3 0.46 0.18
K212 F -21.22 -20.95 148.53 149.3 0.27 -0.77
K212 G -21.22 -20.28 150.93 149.3 0.94 1.63
K212 H -21.22 -20.05 150.05 149.3 1.17 0.75
K212 I -21.22 -20.08 148.64 149.3 1.14 -0.66
K212 L -21.22 -20.05 148.0 149.3 1.17 -1.3
K212 M -21.22 -20.45 148.64 149.3 0.77 -0.66
K212 N -21.22 -19.99 149.5 149.3 1.23 0.2
K212 P -21.22 -20.21 150.29 149.3 1.01 0.99
K212 Q -21.22 -21.18 149.45 149.3 0.04 0.15
K212 R -21.22 -20.85 148.41 149.3 0.37 -0.89
K212 S -21.22 -20.15 149.7 149.3 1.07 0.4
K212 T -21.22 -20.13 149.8 149.3 1.09 0.5
K212 V -21.22 -20.13 149.1 149.3 1.09 -0.2
K212 W -21.22 -21.87 149.44 149.3 -0.65 0.14
K212 Y -21.22 -20.5 148.4 149.3 0.72 -0.9
M213 A -21.22 -20.22 149.94 149.3 1.0 0.64
M213 C -21.22 -20.31 149.2 149.3 0.91 -0.1
M213 D -21.22 -20.41 149.84 149.3 0.81 0.54
M213 E -21.22 -20.98 149.51 149.3 0.24 0.21
M213 F -21.22 -21.64 149.52 149.3 -0.42 0.22
M213 G -21.22 -20.25 150.71 149.3 0.97 1.41
M213 H -21.22 -22.4 149.91 149.3 -1.18 0.61
M213 I -21.22 -20.58 148.35 149.3 0.64 -0.95
M213 K -21.22 -22.44 149.39 149.3 -1.22 0.09
M213 L -21.22 -20.78 148.56 149.3 0.44 -0.74
M213 N -21.22 -21.42 149.32 149.3 -0.2 0.02
M213 P -21.22 -20.22 150.18 149.3 1.0 0.88
M213 Q -21.22 -20.56 149.42 149.3 0.66 0.12
M213 R -21.22 -22.81 148.76 149.3 -1.59 -0.54
M213 S -21.22 -20.54 149.93 149.3 0.68 0.63
M213 T -21.22 -20.78 149.53 149.3 0.44 0.23
M213 V -21.22 -20.29 149.06 149.3 0.93 -0.24
M213 W -21.22 -20.71 149.96 149.3 0.51 0.66
M213 Y -21.22 -20.19 149.36 149.3 1.03 0.06
L214 A -21.22 -20.93 151.46 149.3 0.29 2.16
L214 C -21.22 -20.88 150.32 149.3 0.34 1.02
L214 D -21.22 -21.72 151.02 149.3 -0.5 1.72
L214 E -21.22 -21.55 150.44 149.3 -0.33 1.14
L214 F -21.22 -22.45 150.79 149.3 -1.23 1.49
L214 G -21.22 -20.96 152.38 149.3 0.26 3.08
L214 H -21.22 -20.93 150.73 149.3 0.29 1.43
L214 I -21.22 -20.91 149.24 149.3 0.31 -0.06
L214 K -21.22 -20.78 150.83 149.3 0.44 1.53
L214 M -21.22 -21.03 149.66 149.3 0.19 0.36
L214 N -21.22 -21.66 150.86 149.3 -0.44 1.56
L214 P -21.22 -19.44 150.68 149.3 1.78 1.38
L214 Q -21.22 -21.81 150.99 149.3 -0.59 1.69
L214 R -21.22 -21.38 151.28 149.3 -0.16 1.98
L214 S -21.22 -21.3 151.47 149.3 -0.08 2.17
L214 T -21.22 -21.71 150.79 149.3 -0.49 1.49
L214 V -21.22 -21.04 150.06 149.3 0.18 0.76
L214 W -21.22 -20.94 150.81 149.3 0.28 1.51
L214 Y -21.22 -21.19 150.75 149.3 0.03 1.45
