Positions Mutations EvoEF1_WT_Scores EvoEF1_Mutant_Scores Stability_Mutant_Scores Stability_WT_Scores DDG_EvoEF1_Scores DDG_Stability_Scores
E17 A -22.28 -21.84 13.16 13.08 0.44 0.08
E17 C -22.28 -21.98 12.45 13.08 0.3 -0.63
E17 D -22.28 -22.52 13.24 13.08 -0.24 0.16
E17 F -22.28 -24.26 13.7 13.08 -1.98 0.62
E17 G -22.28 -21.87 14.0 13.08 0.41 0.92
E17 H -22.28 -23.22 13.93 13.08 -0.94 0.85
E17 I -22.28 -22.37 11.63 13.08 -0.09 -1.45
E17 K -22.28 -21.83 12.92 13.08 0.45 -0.16
E17 L -22.28 -22.75 11.8 13.08 -0.47 -1.28
E17 M -22.28 -23.34 12.6 13.08 -1.06 -0.48
E17 N -22.28 -22.68 12.98 13.08 -0.4 -0.1
E17 P -22.28 -21.82 12.85 13.08 0.46 -0.23
E17 Q -22.28 -23.26 13.27 13.08 -0.98 0.19
E17 R -22.28 -23.55 12.54 13.08 -1.27 -0.54
E17 S -22.28 -21.8 13.21 13.08 0.48 0.13
E17 T -22.28 -22.49 12.81 13.08 -0.21 -0.27
E17 V -22.28 -22.09 12.08 13.08 0.19 -1.0
E17 W -22.28 -22.66 13.96 13.08 -0.38 0.88
E17 Y -22.28 -21.95 12.97 13.08 0.33 -0.11
T18 A -22.28 -22.31 13.95 13.08 -0.03 0.87
T18 C -22.28 -22.33 13.21 13.08 -0.05 0.13
T18 D -22.28 -22.18 13.83 13.08 0.1 0.75
T18 E -22.28 -22.22 13.31 13.08 0.06 0.23
T18 F -22.28 -22.74 14.38 13.08 -0.46 1.3
T18 G -22.28 -22.25 14.48 13.08 0.03 1.4
T18 H -22.28 -22.37 14.62 13.08 -0.09 1.54
T18 I -22.28 -22.37 12.78 13.08 -0.09 -0.3
T18 K -22.28 -23.13 13.63 13.08 -0.85 0.55
T18 L -22.28 -22.41 12.68 13.08 -0.13 -0.4
T18 M -22.28 -22.7 13.47 13.08 -0.42 0.39
T18 N -22.28 -21.74 13.16 13.08 0.54 0.08
T18 P -22.28 -22.37 14.14 13.08 -0.09 1.06
T18 Q -22.28 -23.15 13.66 13.08 -0.87 0.58
T18 R -22.28 -23.76 13.37 13.08 -1.48 0.29
T18 S -22.28 -22.26 13.84 13.08 0.02 0.76
T18 V -22.28 -22.38 13.15 13.08 -0.1 0.07
T18 W -22.28 -22.91 14.8 13.08 -0.63 1.72
T18 Y -22.28 -22.72 13.7 13.08 -0.44 0.62
F19 A -22.28 -17.58 13.96 13.08 4.7 0.88
F19 C -22.28 -18.05 13.24 13.08 4.23 0.16
F19 D -22.28 -16.94 13.95 13.08 5.34 0.87
F19 E -22.28 -17.83 13.52 13.08 4.45 0.44
F19 G -22.28 -16.88 14.59 13.08 5.4 1.51
F19 H -22.28 -18.9 14.23 13.08 3.38 1.15
F19 I -22.28 -20.13 12.52 13.08 2.15 -0.56
F19 K -22.28 -18.21 13.61 13.08 4.07 0.53
F19 L -22.28 -19.96 12.52 13.08 2.32 -0.56
F19 M -22.28 -20.63 13.18 13.08 1.65 0.1
F19 N -22.28 -17.84 13.39 13.08 4.44 0.31
F19 P -22.28 -17.0 13.28 13.08 5.28 0.2
F19 Q -22.28 -17.72 13.83 13.08 4.56 0.75
F19 R -22.28 -18.94 12.93 13.08 3.34 -0.15
F19 S -22.28 -17.3 13.94 13.08 4.98 0.86
F19 T -22.28 -17.65 13.53 13.08 4.63 0.45
F19 V -22.28 -19.23 12.92 13.08 3.05 -0.16
F19 W -22.28 -21.79 13.14 13.08 0.49 0.06
F19 Y -22.28 -20.62 12.98 13.08 1.66 -0.1
S20 A -22.28 -22.53 13.13 13.08 -0.25 0.05
S20 C -22.28 -22.26 12.35 13.08 0.02 -0.73
S20 D -22.28 -22.39 13.07 13.08 -0.11 -0.01
S20 E -22.28 -22.87 12.57 13.08 -0.59 -0.51
S20 F -22.28 -22.08 12.95 13.08 0.2 -0.13
S20 G -22.28 -22.22 13.66 13.08 0.06 0.58
S20 H -22.28 -22.72 13.37 13.08 -0.44 0.29
S20 I -22.28 -22.51 11.97 13.08 -0.23 -1.11
S20 K -22.28 -23.72 12.73 13.08 -1.44 -0.35
S20 L -22.28 -22.87 11.63 13.08 -0.59 -1.45
S20 M -22.28 -23.5 12.29 13.08 -1.22 -0.79
S20 N -22.28 -22.39 12.85 13.08 -0.11 -0.23
S20 P -22.28 -22.88 12.23 13.08 -0.6 -0.85
S20 Q -22.28 -22.75 13.05 13.08 -0.47 -0.03
S20 R -22.28 -22.82 12.39 13.08 -0.54 -0.69
S20 T -22.28 -22.49 12.82 13.08 -0.21 -0.26
S20 V -22.28 -22.56 12.4 13.08 -0.28 -0.68
S20 W -22.28 -22.78 13.21 13.08 -0.5 0.13
S20 Y -22.28 -22.8 12.44 13.08 -0.52 -0.64
L22 A -22.28 -21.16 14.61 13.08 1.12 1.53
L22 C -22.28 -21.57 13.67 13.08 0.71 0.59
L22 D -22.28 -20.65 14.75 13.08 1.63 1.67
L22 E -22.28 -21.46 14.33 13.08 0.82 1.25
L22 F -22.28 -22.85 14.95 13.08 -0.57 1.87
L22 G -22.28 -20.75 15.28 13.08 1.53 2.2
L22 H -22.28 -21.99 15.27 13.08 0.29 2.19
L22 I -22.28 -22.61 13.0 13.08 -0.33 -0.08
L22 K -22.28 -22.27 14.08 13.08 0.01 1.0
L22 M -22.28 -23.02 13.67 13.08 -0.74 0.59
L22 N -22.28 -20.74 14.19 13.08 1.54 1.11
L22 P -22.28 -21.24 15.14 13.08 1.04 2.06
L22 Q -22.28 -21.15 14.63 13.08 1.13 1.55
L22 R -22.28 -21.58 13.8 13.08 0.7 0.72
L22 S -22.28 -20.82 14.6 13.08 1.46 1.52
L22 T -22.28 -21.57 14.32 13.08 0.71 1.24
L22 V -22.28 -22.05 13.53 13.08 0.23 0.45
L22 W -22.28 -21.86 14.22 13.08 0.42 1.14
L22 Y -22.28 -23.24 13.85 13.08 -0.96 0.77
W23 A -22.28 -17.8 13.6 13.08 4.48 0.52
W23 C -22.28 -17.93 12.6 13.08 4.35 -0.48
W23 D -22.28 -17.35 13.59 13.08 4.93 0.51
W23 E -22.28 -17.79 13.13 13.08 4.49 0.05
W23 F -22.28 -20.5 13.22 13.08 1.78 0.14
W23 G -22.28 -17.6 14.63 13.08 4.68 1.55
W23 H -22.28 -18.14 13.64 13.08 4.14 0.56
W23 I -22.28 -18.51 11.56 13.08 3.77 -1.52
W23 K -22.28 -18.12 13.0 13.08 4.16 -0.08
W23 L -22.28 -19.03 11.93 13.08 3.25 -1.15
W23 M -22.28 -19.09 12.53 13.08 3.19 -0.55
W23 N -22.28 -17.51 13.32 13.08 4.77 0.24
W23 P -22.28 -18.04 14.03 13.08 4.24 0.95
W23 Q -22.28 -18.38 13.43 13.08 3.9 0.35
W23 R -22.28 -18.35 12.63 13.08 3.93 -0.45
W23 S -22.28 -17.67 13.59 13.08 4.61 0.51
W23 T -22.28 -17.86 12.97 13.08 4.42 -0.11
W23 V -22.28 -18.23 12.1 13.08 4.05 -0.98
W23 Y -22.28 -18.55 12.66 13.08 3.73 -0.42
L25 A -22.28 -22.28 14.49 13.08 0.0 1.41
L25 C -22.28 -22.27 13.72 13.08 0.01 0.64
L25 D -22.28 -22.23 14.5 13.08 0.05 1.42
L25 E -22.28 -22.27 14.18 13.08 0.01 1.1
L25 F -22.28 -22.29 14.07 13.08 -0.01 0.99
L25 G -22.28 -22.21 15.2 13.08 0.07 2.12
L25 H -22.28 -23.35 14.75 13.08 -1.07 1.67
L25 I -22.28 -22.47 13.12 13.08 -0.19 0.04
L25 K -22.28 -23.5 14.06 13.08 -1.22 0.98
L25 M -22.28 -23.25 13.88 13.08 -0.97 0.8
L25 N -22.28 -22.25 13.8 13.08 0.03 0.72
L25 P -22.28 -22.29 14.29 13.08 -0.01 1.21
L25 Q -22.28 -23.67 14.15 13.08 -1.39 1.07
L25 R -22.28 -23.13 13.31 13.08 -0.85 0.23
L25 S -22.28 -22.25 14.46 13.08 0.03 1.38
L25 T -22.28 -22.24 14.19 13.08 0.04 1.11
L25 V -22.28 -22.28 13.52 13.08 0.0 0.44
L25 W -22.28 -22.29 14.45 13.08 -0.01 1.37
L25 Y -22.28 -22.29 14.11 13.08 -0.01 1.03
L26 A -22.28 -20.76 15.15 13.08 1.52 2.07
L26 C -22.28 -21.25 14.19 13.08 1.03 1.11
L26 D -22.28 -20.16 15.1 13.08 2.12 2.02
L26 E -22.28 -22.09 14.29 13.08 0.19 1.21
L26 F -22.28 -22.28 13.06 13.08 0.0 -0.02
L26 G -22.28 -20.45 16.0 13.08 1.83 2.92
L26 H -22.28 -21.49 14.3 13.08 0.79 1.22
L26 I -22.28 -22.76 13.11 13.08 -0.48 0.03
L26 K -22.28 -21.81 14.25 13.08 0.47 1.17
L26 M -22.28 -23.62 13.78 13.08 -1.34 0.7
L26 N -22.28 -21.18 14.59 13.08 1.1 1.51
L26 P -22.28 -21.04 15.24 13.08 1.24 2.16
L26 Q -22.28 -20.92 14.53 13.08 1.36 1.45
L26 R -22.28 -21.01 13.58 13.08 1.27 0.5
L26 S -22.28 -20.46 15.22 13.08 1.82 2.14
L26 T -22.28 -21.21 14.63 13.08 1.07 1.55
L26 V -22.28 -21.91 13.78 13.08 0.37 0.7
L26 W -22.28 -23.78 14.08 13.08 -1.5 1.0
L26 Y -22.28 -21.5 13.44 13.08 0.78 0.36
P27 A -22.28 -21.74 13.6 13.08 0.54 0.52
P27 C -22.28 -22.0 12.92 13.08 0.28 -0.16
P27 D -22.28 -21.86 12.97 13.08 0.42 -0.11
P27 E -22.28 -21.99 12.93 13.08 0.29 -0.15
P27 F -22.28 -23.37 13.73 13.08 -1.09 0.65
P27 G -22.28 -21.23 14.31 13.08 1.05 1.23
P27 H -22.28 -22.47 13.81 13.08 -0.19 0.73
P27 I -22.28 -23.19 12.2 13.08 -0.91 -0.88
P27 K -22.28 -22.84 13.22 13.08 -0.56 0.14
P27 L -22.28 -23.27 12.35 13.08 -0.99 -0.73
P27 M -22.28 -23.8 13.17 13.08 -1.52 0.09
P27 N -22.28 -21.81 13.13 13.08 0.47 0.05
P27 Q -22.28 -21.87 13.23 13.08 0.41 0.15
P27 R -22.28 -22.82 12.01 13.08 -0.54 -1.07
P27 S -22.28 -21.61 13.58 13.08 0.67 0.5
P27 T -22.28 -22.05 13.24 13.08 0.23 0.16
P27 V -22.28 -22.51 12.66 13.08 -0.23 -0.42
P27 W -22.28 -23.92 14.3 13.08 -1.64 1.22
P27 Y -22.28 -23.29 13.11 13.08 -1.01 0.03
E28 A -22.28 -22.08 13.35 13.08 0.2 0.27
E28 C -22.28 -22.16 12.63 13.08 0.12 -0.45
E28 D -22.28 -21.76 13.41 13.08 0.52 0.33
E28 F -22.28 -22.84 13.5 13.08 -0.56 0.42
E28 G -22.28 -21.66 14.06 13.08 0.62 0.98
E28 H -22.28 -22.16 13.79 13.08 0.12 0.71
E28 I -22.28 -22.32 11.91 13.08 -0.04 -1.17
E28 K -22.28 -22.76 12.96 13.08 -0.48 -0.12
E28 L -22.28 -22.39 12.06 13.08 -0.11 -1.02
E28 M -22.28 -22.8 12.87 13.08 -0.52 -0.21
E28 N -22.28 -22.02 12.55 13.08 0.26 -0.53
E28 P -22.28 -22.15 12.8 13.08 0.13 -0.28
E28 Q -22.28 -21.92 12.82 13.08 0.36 -0.26
E28 R -22.28 -22.35 15.53 13.08 -0.07 2.45
E28 S -22.28 -21.83 13.32 13.08 0.45 0.24
E28 T -22.28 -21.7 12.97 13.08 0.58 -0.11
E28 V -22.28 -22.38 12.34 13.08 -0.1 -0.74
E28 W -22.28 -24.79 13.48 13.08 -2.51 0.4
E28 Y -22.28 -22.81 12.16 13.08 -0.53 -0.92
N29 A -22.28 -20.74 13.38 13.08 1.54 0.3
N29 C -22.28 -20.87 12.71 13.08 1.41 -0.37
N29 D -22.28 -20.72 13.32 13.08 1.56 0.24
N29 E -22.28 -21.69 13.08 13.08 0.59 0.0
N29 F -22.28 -20.79 13.57 13.08 1.49 0.49
N29 G -22.28 -20.58 14.16 13.08 1.7 1.08
N29 H -22.28 -20.66 13.89 13.08 1.62 0.81
N29 I -22.28 -21.59 11.91 13.08 0.69 -1.17
N29 K -22.28 -22.17 12.85 13.08 0.11 -0.23
N29 L -22.28 -21.72 12.02 13.08 0.56 -1.06
N29 M -22.28 -21.79 12.74 13.08 0.49 -0.34
N29 P -22.28 -20.95 12.89 13.08 1.33 -0.19
N29 Q -22.28 -22.12 12.98 13.08 0.16 -0.1
N29 R -22.28 -21.47 12.18 13.08 0.81 -0.9
N29 S -22.28 -20.59 13.36 13.08 1.69 0.28
N29 T -22.28 -21.01 12.93 13.08 1.27 -0.15
N29 V -22.28 -21.14 12.38 13.08 1.14 -0.7
N29 W -22.28 -20.95 14.21 13.08 1.33 1.13
N29 Y -22.28 -20.73 13.02 13.08 1.55 -0.06
