Positions Mutations EvoEF1_WT_Scores Stability_WT_Scores EvoEF1_Mutant_Scores Stability_Mutant_Scores DDG_EvoEF1_Scores DDG_Stability_Scores
F19 A -22.28 13.08 -17.58 13.96 4.7 0.88
F19 C -22.28 13.08 -18.05 13.24 4.23 0.16
F19 D -22.28 13.08 -16.94 13.95 5.34 0.87
F19 E -22.28 13.08 -17.83 13.52 4.45 0.44
F19 G -22.28 13.08 -16.88 14.59 5.4 1.51
F19 K -22.28 13.08 -18.21 13.61 4.07 0.53
F19 N -22.28 13.08 -17.84 13.39 4.44 0.31
F19 P -22.28 13.08 -17.0 13.28 5.28 0.2
F19 Q -22.28 13.08 -17.72 13.83 4.56 0.75
F19 S -22.28 13.08 -17.3 13.94 4.98 0.86
F19 T -22.28 13.08 -17.65 13.53 4.63 0.45
W23 A -22.28 13.08 -17.8 13.6 4.48 0.52
W23 C -22.28 13.08 -17.93 12.6 4.35 -0.48
W23 D -22.28 13.08 -17.35 13.59 4.93 0.51
W23 E -22.28 13.08 -17.79 13.13 4.49 0.05
W23 G -22.28 13.08 -17.6 14.63 4.68 1.55
W23 H -22.28 13.08 -18.14 13.64 4.14 0.56
W23 K -22.28 13.08 -18.12 13.0 4.16 -0.08
W23 N -22.28 13.08 -17.51 13.32 4.77 0.24
W23 P -22.28 13.08 -18.04 14.03 4.24 0.95
W23 Q -22.28 13.08 -18.38 13.43 3.9 0.35
W23 R -22.28 13.08 -18.35 12.63 3.93 -0.45
W23 S -22.28 13.08 -17.67 13.59 4.61 0.51
W23 T -22.28 13.08 -17.86 12.97 4.42 -0.11
W23 V -22.28 13.08 -18.23 12.1 4.05 -0.98
